13
90 12 20 93 5 36 79 46 10 18 2 44 91

15
25 82 96 20 57 11 12 96 85 82 83 17 61 57 11

62
2 82 96 62 91 6 67 17 33 7 86 69 41 48 81 48 29 25 58 55 9 13 76 29 69 73 26 74 34 76 69 36 57 66 97 49 73 63 64 7 70 51 74 10 97 56 58 25 79 15 81 86 29 56 15 96 30 41 71 63 16 42

23
43 88 88 60 7 67 16 53 32 3 47 3 44 70 79 52 31 40 22 67 64 54 51

63
34 92 64 90 9 60 21 35 10 49 23 82 64 60 21 69 75 73 63 0 34 1 79 9 97 11 22 78 9 48 49 41 41 13 32 49 71 54 82 82 4 7 65 67 67 84 35 41 58 97 39 90 96 18 1 94 29 23 71 36 69 22 78

36
17 66 11 4 13 47 0 61 64 92 78 51 16 85 31 18 36 91 5 72 83 77 22 16 52 91 55 84 91 88 13 9 53 22 12 66

23
26 70 6 54 92 26 75 57 54 3 37 75 83 25 32 4 1 0 63 13 1 54 69

30
72 60 4 73 83 25 98 78 24 96 63 23 96 78 79 37 67 45 17 87 80 82 66 89 44 86 42 96 32 68

27
34 25 95 46 8 64 43 31 50 66 43 27 69 8 9 74 72 44 66 6 60 8 0 57 57 54 18

14
54 70 59 13 41 50 20 3 18 74 51 64 22 21

14
95 49 68 17 45 98 90 65 82 69 50 25 12 75

16
42 25 19 41 83 60 11 3 86 78 74 83 90 60 80 61

44
96 45 84 80 73 62 25 32 10 86 55 84 98 37 93 10 67 15 10 96 33 95 51 85 57 98 33 17 33 3 36 30 48 21 9 20 81 35 50 89 20 6 74 18

31
83 92 18 98 84 14 40 0 52 83 74 47 6 35 92 20 48 41 39 28 28 44 35 49 40 60 88 8 31 37 12

59
23 56 20 89 40 47 30 86 10 29 4 42 27 9 87 57 87 96 14 53 60 34 1 88 83 53 93 2 18 38 80 41 94 1 29 33 48 59 21 56 89 23 96 17 31 84 72 17 79 86 70 38 22 70 26 6 24 20 6

39
6 13 57 91 89 89 56 53 71 81 58 88 75 86 70 11 47 8 42 65 79 48 97 57 73 20 85 51 76 49 40 80 60 96 72 48 84 28 2

44
23 39 11 98 91 76 79 24 48 12 64 1 35 96 24 5 32 72 4 35 96 94 28 32 13 38 31 78 60 14 73 83 51 84 80 42 60 59 64 7 71 29 6 6

52
71 57 69 16 20 50 55 17 37 3 41 62 52 72 37 0 36 68 28 47 61 96 61 58 36 93 77 98 55 81 11 28 39 78 42 57 27 95 73 65 97 15 26 50 88 63 50 25 32 78 72 91

38
51 2 34 78 12 13 88 31 20 38 29 65 43 54 8 23 44 47 18 57 36 2 33 72 7 42 88 84 41 79 92 92 79 25 70 91 39 59

56
65 81 93 77 4 67 91 75 28 66 75 58 41 98 40 11 91 25 9 64 1 59 12 92 59 8 91 57 39 18 47 3 97 41 80 0 7 70 75 36 35 51 92 75 49 31 86 39 56 95 4 56 56 17 49 14

18
36 38 87 14 79 71 36 20 95 64 89 80 37 77 5 76 42 62

50
29 79 81 41 53 50 54 48 28 49 48 57 45 56 59 7 41 77 91 49 0 50 94 92 74 35 16 12 57 59 31 86 39 11 26 93 62 80 40 90 28 88 48 72 45 9 79 87 84 71

16
74 29 6 56 50 97 83 16 62 66 26 41 44 61 72 17

30
10 18 4 68 36 20 20 98 15 57 13 24 14 66 23 9 85 58 98 36 3 47 5 43 41 4 0 3 71 31

12
79 49 3 47 85 21 67 83 36 24 96 58

32
4 24 15 86 19 98 39 10 26 34 94 20 82 8 33 98 31 71 53 92 27 42 12 23 20 85 89 15 24 15 29 26

21
16 89 71 24 19 69 12 4 58 8 25 72 45 40 31 57 96 14 64 28 61

14
29 17 79 18 53 92 2 16 64 62 19 26 63 76

25
26 52 98 51 46 10 25 97 44 16 35 75 78 26 25 32 27 3 49 43 52 9 58 43 5

14
73 21 52 26 30 10 67 33 97 1 67 39 29 85

34
9 4 31 35 30 75 59 1 36 19 45 74 3 16 46 14 89 65 67 14 95 77 79 29 73 78 95 11 8 81 22 16 83 51

47
27 30 90 38 3 57 68 62 29 76 12 98 74 35 69 11 49 87 11 40 50 10 52 94 25 54 90 53 20 67 23 46 96 14 84 0 71 51 61 0 27 71 98 2 7 66 11

27
7 58 46 96 43 97 57 5 18 74 96 76 43 44 44 93 40 84 48 82 86 12 15 50 14 48 1

17
85 19 89 80 17 43 84 20 82 67 49 7 88 11 96 76 5

51
40 83 10 2 82 64 33 94 53 98 25 33 5 9 52 94 89 67 36 75 88 20 41 36 27 30 47 23 6 51 9 46 35 19 48 18 81 80 11 35 79 35 69 84 44 20 77 33 86 15 9

32
45 59 93 20 87 2 13 37 19 31 59 47 79 60 58 6 61 39 12 26 76 3 25 58 6 65 27 83 76 58 90 20

40
5 36 16 51 5 78 93 63 67 52 52 58 76 95 28 36 74 61 64 93 26 76 19 79 4 33 64 13 27 9 25 32 44 41 83 49 20 75 11 87

52
67 67 44 4 59 79 21 8 82 50 5 32 28 82 33 14 2 77 2 18 8 67 85 36 58 98 31 39 41 1 18 9 66 61 12 24 41 33 30 25 83 35 55 10 17 86 23 17 64 25 35 73

20
20 79 12 70 72 67 51 52 71 12 59 33 90 87 54 13 68 42 19 69

22
59 93 67 82 22 55 44 69 65 19 91 37 95 89 86 54 30 30 65 33 61 96

40
8 35 83 63 53 36 80 5 96 91 87 53 77 91 15 25 53 80 2 95 95 14 33 89 94 49 52 15 38 14 71 46 49 55 10 1 89 89 5 84

28
83 15 2 76 51 3 50 72 73 81 36 37 65 65 0 72 11 63 11 36 96 80 30 93 37 46 58 58

42
71 19 92 65 27 74 95 44 68 18 59 86 14 62 36 36 26 8 43 56 84 54 27 84 96 55 18 0 46 14 96 19 33 89 82 59 62 78 2 31 94 62

15
17 59 40 54 36 4 48 35 0 25 37 63 48 32 57

48
46 2 48 20 43 33 78 69 35 34 61 40 68 8 12 24 1 49 43 92 60 86 92 2 19 28 44 92 68 24 91 13 26 38 33 67 69 11 38 4 45 97 44 13 6 56 37 7

37
86 71 21 90 54 97 88 16 3 5 66 8 12 34 7 27 84 79 48 71 46 77 49 26 10 76 26 95 88 84 9 73 55 31 64 10 27

15
69 89 7 64 95 24 51 7 92 28 83 85 28 26 62

42
0 27 82 49 87 43 67 58 28 2 6 94 23 6 90 53 44 47 77 77 6 5 57 69 10 13 60 46 66 87 29 65 15 10 15 1 52 80 59 80 82 65

18
6 75 98 15 88 54 94 38 61 31 61 8 33 38 42 6 33 11

31
18 51 34 35 54 7 13 69 38 31 71 67 82 20 95 69 35 5 6 95 18 47 65 16 89 30 65 37 77 11 14

20
38 87 13 69 30 72 83 36 21 67 69 85 34 55 60 52 13 37 85 34

27
84 8 75 78 40 82 34 88 84 47 72 89 61 27 83 76 40 48 1 22 57 65 24 72 88 81 67

24
26 91 81 92 5 78 62 5 80 18 52 90 65 20 89 46 57 16 23 94 57 44 89 64

14
94 14 89 28 60 17 86 42 76 69 14 18 45 90

24
72 63 98 49 76 64 11 16 50 46 9 90 67 55 45 44 85 88 34 25 46 11 94 82

17
40 26 83 59 35 72 46 80 53 80 14 90 1 43 21 68 5

30
44 57 37 18 92 34 98 26 35 39 89 8 26 43 95 35 30 68 40 50 7 14 72 47 16 33 66 29 39 93

16
47 96 82 32 36 82 32 2 46 91 36 66 32 58 25 21

15
23 26 58 39 3 15 36 96 24 98 32 71 10 80 49

15
24 95 95 54 60 52 16 68 48 10 8 45 23 56 66

30
92 10 98 5 71 20 55 55 9 82 66 23 32 67 95 84 24 93 54 0 24 40 58 98 37 15 96 10 54 3

35
16 22 94 98 88 31 57 31 18 69 98 3 5 31 81 8 5 15 50 92 20 51 90 85 94 78 78 46 33 53 59 47 73 55 46

20
85 17 63 70 16 53 22 51 80 32 86 30 41 81 10 67 63 69 32 32

13
26 3 65 14 16 23 64 45 3 92 29 20 55

41
43 91 14 52 38 1 95 17 60 21 27 96 11 30 71 30 20 4 73 52 12 36 95 97 18 94 29 66 38 77 11 82 69 23 35 7 24 29 24 82 51

14
61 98 44 39 60 89 80 62 4 97 80 54 42 16

41
4 17 23 45 4 83 60 97 17 16 97 24 41 47 12 76 51 26 64 9 54 10 48 49 15 48 74 34 45 57 4 49 72 27 94 76 12 54 72 27 70

29
26 15 5 53 71 25 0 53 91 31 12 62 46 45 5 29 28 69 22 27 11 24 57 44 17 26 19 29 44

13
10 4 43 84 43 23 74 0 60 16 2 0 70

34
80 21 44 38 58 22 36 78 56 37 93 96 92 90 5 30 53 62 5 87 65 89 73 82 98 51 26 46 54 73 63 35 94 6

29
44 91 82 40 0 26 87 7 8 10 51 27 79 66 61 73 90 17 51 34 87 45 49 61 44 5 30 18 80

22
51 45 28 27 53 15 60 30 41 66 84 14 78 18 59 8 1 75 63 35 44 7

53
80 5 46 69 52 31 0 25 54 95 62 2 66 68 72 4 97 4 20 76 29 75 93 14 35 26 67 37 62 94 98 43 98 45 11 49 74 11 74 27 7 35 28 71 5 1 74 1 5 94 77 35 68

39
58 39 94 21 83 91 41 65 93 41 40 74 92 56 23 22 92 2 27 89 14 65 26 20 57 7 84 86 22 81 63 79 21 58 1 3 51 40 68

63
22 6 53 72 26 9 48 3 4 54 52 13 32 70 58 88 85 56 5 65 40 53 28 13 21 89 57 60 24 55 10 44 59 61 15 83 68 64 86 71 19 38 84 52 7 41 39 90 95 43 57 36 96 83 47 16 71 5 74 93 58 82 39

14
67 69 42 45 24 76 33 75 38 65 40 69 95 18

22
20 9 25 5 77 47 91 97 53 28 98 7 2 46 38 86 72 20 36 88 37 30

33
7 75 2 68 73 59 52 9 74 1 20 5 18 20 58 72 29 33 47 45 2 44 83 11 30 14 20 79 41 15 47 46 88

44
8 70 52 84 35 40 32 26 26 92 14 93 42 77 23 64 90 71 14 25 29 39 72 16 41 50 37 56 74 28 93 82 98 47 65 32 85 97 58 12 89 71 7 32

25
36 79 30 78 88 82 68 29 39 29 64 83 98 92 71 20 76 96 6 63 21 12 48 90 52

27
25 95 54 16 13 2 38 18 73 54 32 57 93 10 79 28 10 27 96 98 90 27 6 72 56 73 27

32
88 10 8 13 67 83 11 4 75 62 89 94 66 75 11 63 27 37 62 5 46 13 88 67 28 85 87 91 96 39 85 85

27
37 13 52 89 27 78 63 47 53 59 15 47 11 72 9 48 16 49 68 89 24 6 13 61 5 83 81

36
76 52 10 69 75 95 79 23 43 13 15 95 21 8 88 70 63 7 68 5 40 7 18 83 32 32 93 13 37 98 91 13 52 0 80 28

13
0 19 88 70 59 26 42 75 4 13 18 21 33

32
30 40 72 75 25 84 1 32 33 67 75 24 81 75 56 60 19 0 63 27 95 66 10 55 87 82 14 8 67 4 75 98

30
83 6 89 89 69 81 38 17 61 68 72 28 2 43 6 6 71 3 28 30 53 7 66 53 56 19 16 45 24 91

36
59 90 62 16 80 29 93 76 50 31 33 13 24 65 31 49 40 62 26 58 7 90 55 38 49 7 14 59 60 93 53 18 82 17 35 64

23
57 14 86 32 30 72 20 93 6 92 92 95 13 76 22 12 12 9 97 68 69 95 80

22
98 53 97 19 8 97 25 87 32 27 31 54 72 58 81 92 41 20 61 2 79 10

20
66 29 9 68 70 78 64 34 63 79 59 33 73 17 8 39 0 9 43 79

48
74 13 22 2 7 26 90 36 80 16 12 37 88 72 72 38 62 62 52 60 29 82 11 17 40 29 58 82 71 5 61 44 18 81 46 23 6 35 59 85 51 71 23 40 44 95 76 5

44
64 64 49 35 85 87 77 79 63 83 37 90 48 22 2 22 24 53 24 82 85 97 47 76 14 29 48 75 32 27 73 96 89 21 30 73 7 9 54 70 90 89 62 37

28
84 6 53 79 58 17 41 90 79 88 88 76 88 19 60 23 59 80 61 76 3 84 89 58 26 96 85 42

26
13 91 28 48 27 10 18 64 2 92 32 0 56 70 68 59 16 83 97 36 82 54 74 69 74 11

19
40 95 66 67 29 83 87 95 69 83 27 24 84 52 70 67 34 75 50

41
86 26 72 75 25 79 2 98 77 60 65 69 83 72 5 47 39 73 49 2 56 2 69 71 49 89 42 37 65 30 47 50 56 18 26 80 97 26 79 76 86

54
78 52 91 3 77 40 51 68 87 21 92 48 12 53 81 18 46 13 32 14 18 16 44 61 24 1 51 7 45 41 64 22 91 56 26 69 95 77 37 83 96 30 30 9 81 10 26 28 24 58 42 40 74 85

44
38 81 46 24 39 52 48 54 52 27 90 97 59 27 9 45 17 11 94 72 15 72 16 52 21 55 0 44 3 48 21 39 30 65 64 70 18 13 23 70 38 14 66 97

28
52 16 30 47 28 77 0 18 41 15 7 78 58 22 27 1 6 69 47 31 71 5 64 8 30 36 1 11

33
2 27 56 25 40 37 88 2 36 13 31 98 31 61 26 73 75 7 16 23 23 98 19 37 35 2 62 92 29 75 51 29 1

46
71 55 36 85 20 31 97 77 49 89 67 18 79 87 66 85 8 61 50 90 90 13 27 38 25 38 43 38 60 33 37 30 88 73 17 7 3 13 82 51 3 49 67 83 37 34

53
67 14 25 44 68 38 78 53 6 79 63 64 60 85 0 85 59 85 12 35 90 50 72 41 71 56 60 1 56 44 61 22 57 87 67 26 26 44 78 32 24 42 94 84 28 94 68 88 78 80 22 67 32

58
33 19 92 92 22 98 5 40 69 36 96 59 65 91 38 18 42 80 22 40 21 57 66 28 92 53 95 3 58 14 19 89 31 12 80 53 9 85 91 79 22 87 39 85 77 75 3 20 54 25 59 75 81 26 4 74 78 98

21
30 4 66 68 75 91 44 58 64 92 89 56 57 58 79 44 38 53 16 48 46

21
36 91 81 52 61 11 86 56 63 91 2 86 17 4 76 9 97 56 56 90 34

24
33 51 59 88 76 12 22 56 97 92 81 62 7 12 52 16 32 89 89 82 16 14 21 41

55
71 4 96 76 83 50 72 74 5 37 40 96 21 98 30 48 38 47 59 36 87 97 62 39 72 59 20 30 36 36 62 6 38 59 80 22 10 53 94 16 88 36 13 11 33 41 57 70 88 18 7 76 14 68 16

51
4 80 20 8 40 1 75 62 60 64 30 18 16 50 14 32 45 23 4 12 69 89 80 67 15 2 25 87 6 10 96 10 90 15 18 29 16 92 91 76 57 20 93 73 70 6 4 15 28 8 25

18
89 40 80 5 41 6 27 42 8 9 15 54 11 36 9 18 72 32

55
29 90 66 76 32 59 67 98 96 67 53 91 89 87 93 39 28 26 85 76 44 35 57 87 56 72 84 23 57 37 63 87 28 28 62 58 87 28 55 83 93 10 75 83 97 67 21 24 91 8 98 36 41 56 22

30
30 7 19 85 44 81 71 70 10 35 28 96 63 83 80 58 93 54 40 89 22 62 14 14 68 14 50 10 68 72

13
58 45 74 11 96 39 74 11 32 23 39 17 14

56
26 59 13 88 25 29 20 76 33 38 67 67 53 9 8 5 37 98 51 94 11 46 60 53 5 95 95 73 12 80 53 38 38 67 25 64 94 45 39 29 83 7 94 35 16 2 39 51 98 90 47 10 35 6 63 38

59
58 12 12 39 64 50 76 32 75 41 27 20 80 54 4 85 50 38 2 52 77 53 51 68 98 59 2 5 23 40 6 79 50 16 20 15 67 96 45 41 36 71 61 15 26 64 1 74 3 1 25 78 52 74 45 52 34 47 55

40
71 84 5 11 46 52 20 96 10 50 28 73 83 7 17 45 5 8 48 35 38 9 47 1 6 75 3 90 2 20 92 72 4 97 83 50 50 2 45 60

27
70 84 23 21 64 25 5 40 29 50 10 80 58 26 41 54 76 51 88 5 61 57 78 18 38 77 67

12
3 41 7 96 86 20 51 94 70 68 86 62

34
75 51 79 87 56 42 48 30 2 41 45 29 20 75 62 68 2 79 85 79 97 61 47 97 91 82 8 78 82 88 89 56 40 69

17
81 51 38 85 54 70 30 63 56 34 22 30 54 74 93 25 75

41
18 75 45 38 11 82 84 87 48 69 4 35 24 4 90 58 37 65 62 64 0 58 40 34 31 90 53 53 73 75 41 91 51 86 28 61 69 11 49 16 81

22
65 36 94 3 86 65 59 20 5 34 0 35 71 37 82 1 38 41 88 1 54 9

38
44 71 59 61 83 61 81 52 44 87 11 74 16 12 2 53 1 73 52 22 9 26 11 76 47 16 38 33 25 14 45 69 85 5 29 68 67 12

15
44 66 46 13 84 73 98 2 60 33 88 41 57 91 14

24
45 75 6 8 6 9 67 95 56 44 60 56 52 53 77 89 40 86 57 28 36 95 18 66

19
63 31 80 53 44 18 56 10 55 20 54 94 51 84 58 33 93 91 0

19
29 94 66 82 91 40 37 25 63 82 27 42 35 13 50 43 47 24 60

30
56 80 54 51 76 87 59 49 42 98 8 52 43 75 8 47 90 97 28 96 87 20 86 61 62 88 73 2 93 62

30
27 2 43 77 2 51 74 59 6 73 45 52 98 10 7 74 97 1 81 35 21 68 90 43 97 55 80 2 35 5

57
66 85 91 58 41 32 77 67 92 54 42 46 16 56 24 50 50 57 38 93 30 80 71 13 13 93 92 23 76 75 59 44 61 51 1 3 81 76 71 72 32 14 17 48 70 41 96 21 97 35 13 26 14 82 39 25 74

40
62 37 88 51 49 17 78 73 67 29 13 44 75 60 69 98 44 88 68 77 31 77 98 8 55 69 38 23 47 80 53 10 17 41 61 66 56 39 40 24

32
89 55 63 82 27 89 62 83 0 53 57 91 26 91 54 50 14 43 26 71 40 87 39 82 86 13 65 47 51 42 41 41

47
77 80 55 78 16 22 0 44 98 32 67 23 30 84 38 75 20 52 69 29 31 25 0 60 47 85 91 40 77 19 44 56 0 0 33 14 20 31 58 20 62 24 41 92 9 79 68

33
14 26 58 52 71 43 50 72 17 70 10 57 72 50 5 11 78 63 80 31 26 0 81 48 27 77 20 46 34 90 76 48 15

40
95 21 22 92 50 44 36 8 46 15 20 98 48 17 49 11 47 19 43 28 0 35 88 6 8 25 35 32 68 21 59 64 41 79 57 91 24 91 98 69

48
44 73 16 69 37 2 75 93 97 60 73 68 65 47 22 34 85 88 79 97 37 77 4 81 61 94 84 54 54 36 15 98 8 29 66 43 32 40 38 30 0 12 98 63 57 19 97 41

54
4 97 80 10 64 47 83 71 76 60 88 67 5 54 58 94 4 34 2 85 31 51 83 4 4 13 5 56 87 50 72 89 48 51 1 11 98 82 83 75 43 70 41 48 26 97 41 28 30 41 15 62 91 98

22
78 75 79 70 94 60 52 29 60 55 86 86 26 21 85 40 13 37 44 55 23 42

24
62 17 19 95 12 48 22 61 22 21 88 41 60 3 52 0 37 34 39 72 18 53 66 90

37
6 33 51 31 66 83 63 85 34 2 19 41 19 37 54 78 93 98 98 6 67 13 40 73 88 81 64 38 75 90 18 79 22 69 9 87 51

16
46 26 81 65 87 56 36 20 57 27 44 57 7 89 2 52

26
91 7 5 41 96 15 53 23 47 57 29 75 0 92 5 98 32 63 3 36 69 85 28 20 9 91

24
61 23 6 13 78 69 26 12 44 8 89 55 92 54 97 51 82 5 26 0 7 32 34 68

21
58 56 14 75 5 57 56 82 39 78 10 79 32 76 67 90 18 34 66 44 98

16
24 0 31 33 79 65 81 83 40 28 10 74 12 68 35 41

28
24 86 50 31 29 79 1 11 7 7 54 38 48 28 61 58 29 38 61 73 77 65 5 93 95 93 64 67

41
49 75 38 80 27 78 23 36 20 28 5 55 58 96 25 15 44 8 47 62 56 2 91 77 35 57 15 69 64 96 69 14 71 6 95 98 85 17 33 4 45

23
37 91 24 39 16 66 49 90 50 91 74 64 30 50 78 66 73 4 28 86 39 32 88

18
26 38 47 72 25 17 49 23 79 27 24 94 67 34 47 92 35 32

38
27 48 76 16 65 11 33 81 9 41 56 44 22 77 91 72 64 95 64 56 30 10 75 2 40 81 36 66 68 85 89 95 32 66 10 98 77 44

17
51 36 37 55 67 94 81 67 58 6 5 30 65 17 80 88 64

48
89 76 72 81 8 42 6 77 66 97 40 70 58 61 80 20 11 56 98 39 20 41 53 91 51 72 72 53 75 69 8 65 45 80 45 53 23 49 29 88 48 69 57 5 31 39 26 40

16
83 86 19 79 53 6 25 32 10 82 69 55 89 7 37 84

31
85 16 16 40 88 68 13 55 37 47 46 97 85 86 29 86 37 1 4 4 8 36 24 88 38 1 79 76 21 20 95

48
22 60 29 37 86 97 77 21 78 86 76 47 66 34 23 49 6 43 76 71 1 14 47 52 59 73 24 90 34 40 21 56 0 49 91 86 47 67 6 26 55 82 74 22 15 95 69 21

17
0 60 89 77 70 3 83 73 37 29 9 11 40 95 16 83 58

37
11 12 17 91 81 72 20 53 28 90 74 70 19 2 6 87 27 95 19 69 4 56 23 29 29 66 90 55 42 47 27 53 57 44 45 37 18

17
89 1 41 68 59 48 32 6 78 38 7 25 47 80 0 98 48

45
87 4 55 19 80 79 98 56 32 68 79 72 44 93 82 43 0 80 7 69 26 21 73 59 45 42 66 12 90 80 3 79 82 58 96 62 39 96 19 69 63 98 42 6 92

49
71 59 92 61 43 2 59 26 90 26 93 46 41 44 11 85 25 29 41 55 3 86 41 97 80 23 53 57 80 58 11 51 16 4 11 59 5 70 83 93 97 76 40 37 21 51 23 45 80

28
40 48 45 39 85 85 12 41 41 39 56 30 25 29 98 28 98 32 48 24 28 37 45 69 71 35 11 21

15
79 54 21 90 10 0 20 91 29 97 39 57 39 50 59

41
15 58 79 45 95 4 30 95 94 82 4 81 59 94 23 12 71 26 74 74 2 64 47 69 21 53 71 47 59 4 86 74 62 64 18 57 68 48 53 62 29

25
89 73 44 57 45 82 50 86 62 54 46 54 3 63 59 53 73 70 15 58 39 13 96 6 60

22
72 26 34 66 34 35 72 18 91 4 61 20 22 26 98 71 42 56 89 88 55 42

18
93 67 54 38 84 58 46 20 66 54 1 95 46 61 60 40 11 78

19
94 4 7 62 34 74 84 24 64 81 40 32 51 75 20 57 93 67 6

43
69 98 66 70 51 82 77 56 73 81 44 71 29 69 14 83 7 63 21 13 7 31 6 91 73 46 9 23 79 26 28 50 23 92 21 74 73 98 31 47 79 73 19

47
61 61 78 58 56 45 52 44 20 77 93 33 45 22 45 67 50 95 54 41 22 31 70 88 11 20 70 82 64 16 9 24 78 88 82 33 34 33 75 54 11 70 85 54 90 30 23

17
66 19 77 19 33 55 28 91 62 8 15 9 76 34 54 31 71

13
35 24 39 61 57 11 53 96 54 21 84 92 88

18
36 76 24 28 89 3 82 20 33 56 62 20 18 2 69 46 9 11

12
53 32 5 21 20 38 16 89 7 87 27 1

53
30 68 34 40 23 39 36 44 82 8 94 16 63 0 33 53 44 91 3 13 38 87 20 55 52 81 37 46 80 87 1 10 54 35 50 78 72 87 21 56 95 16 70 57 14 4 9 58 95 11 71 32 98

22
87 8 6 9 14 23 60 26 73 22 5 50 8 16 45 69 82 83 60 78 97 3

25
15 87 13 44 83 36 83 90 53 25 73 43 41 73 91 78 95 42 23 83 38 57 79 96 9

42
45 48 31 36 78 1 78 36 18 80 33 42 3 22 75 38 35 39 98 79 76 95 45 65 58 10 24 80 55 61 5 1 11 34 36 87 34 15 24 52 93 56

15
52 92 96 31 69 53 79 4 68 0 68 2 42 10 54

31
41 68 82 41 9 46 38 65 81 73 2 48 60 90 66 96 85 35 87 34 82 24 55 11 66 35 59 74 24 61 98

25
56 27 69 85 60 20 62 17 40 90 87 71 31 68 25 71 67 48 28 79 39 56 84 38 82

17
52 36 20 71 96 83 33 72 91 58 41 8 20 19 70 3 26

13
26 96 94 20 42 8 26 21 74 22 14 93 49

31
46 64 62 31 34 59 90 20 68 51 78 59 40 10 5 45 83 54 66 9 27 28 4 66 40 95 71 33 7 25 56

14
79 63 47 97 5 40 77 85 34 39 93 27 5 79

15
1 91 40 54 34 48 12 21 53 7 69 79 95 35 36

18
80 76 3 37 80 17 20 32 64 15 70 52 20 47 71 48 29 31

33
72 16 3 25 7 7 6 98 35 13 8 63 58 43 9 68 86 76 97 19 29 80 51 88 22 28 2 95 40 67 79 11 84

45
67 85 1 49 31 98 33 1 30 89 80 91 23 6 58 74 50 13 63 11 70 72 16 80 57 18 81 49 75 62 59 41 46 58 91 75 58 23 74 88 11 55 78 34 61

25
75 47 20 72 51 63 90 57 61 77 43 62 66 52 77 26 71 69 16 63 60 18 66 65 33

30
55 61 61 47 22 79 65 69 92 43 38 87 44 23 44 88 32 64 4 47 47 97 65 7 2 77 81 35 29 55

49
82 17 40 28 37 18 93 7 11 38 43 96 80 67 39 70 97 5 72 46 50 71 10 57 71 85 40 7 13 95 85 96 12 25 25 49 41 20 55 53 56 98 48 37 64 88 6 63 93

14
34 89 3 1 88 64 7 73 50 62 37 68 29 53

25
77 84 35 80 16 77 81 18 86 76 76 30 21 15 47 2 9 5 44 8 90 4 32 14 73

34
76 97 16 46 19 51 56 20 55 74 37 81 63 98 60 39 47 2 67 67 92 98 76 58 16 35 98 0 12 78 48 86 74 62

27
25 50 45 42 15 17 71 85 22 39 82 68 84 42 50 9 29 87 36 12 42 87 52 19 65 54 67

17
49 22 72 49 93 18 0 64 19 75 21 28 15 9 0 95 51

36
60 76 48 2 43 64 81 15 97 51 60 71 37 86 79 74 18 3 52 38 44 82 97 44 92 47 82 70 95 72 72 54 50 21 54 93

35
37 35 11 57 81 94 65 63 64 65 84 30 25 58 30 24 68 31 57 6 86 76 46 17 22 40 64 51 91 0 41 27 35 50 84

13
43 89 21 67 88 78 90 42 0 44 2 91 60

23
43 12 72 50 18 66 66 62 6 39 80 41 48 96 95 41 18 63 24 49 17 64 34

25
66 67 6 47 45 38 31 92 0 26 67 36 50 63 54 84 62 66 87 51 95 65 19 2 56

28
60 7 41 91 2 49 29 61 47 32 46 33 93 91 21 90 65 25 3 41 59 17 22 60 12 59 75 57

16
68 29 98 3 38 48 80 22 69 84 92 41 48 20 96 92

21
4 60 80 8 40 67 94 90 31 72 17 51 92 72 61 29 79 58 98 89 68

36
6 49 49 17 79 19 18 42 58 33 57 91 22 32 55 86 63 16 44 62 64 32 20 63 73 45 60 80 79 44 54 86 91 3 2 70

13
78 55 63 21 95 79 65 43 88 29 72 97 8

19
16 20 29 10 0 94 53 88 25 26 84 33 65 40 57 51 10 13 27

12
53 88 90 57 53 55 78 27 7 77 8 7

18
46 40 43 52 57 93 88 5 60 51 29 19 2 94 70 38 14 81

36
84 51 92 90 49 56 61 37 96 38 69 76 28 47 46 57 75 30 42 53 5 5 11 79 61 44 11 19 18 23 27 1 75 19 92 25

14
33 86 77 76 28 15 19 66 3 9 95 3 48 58

15
18 85 86 31 93 18 98 87 34 20 59 90 3 66 7

18
32 67 18 79 37 11 49 90 9 12 44 66 7 64 32 81 57 91

49
28 47 1 53 58 62 36 60 53 68 43 93 52 79 33 23 24 66 0 10 0 29 62 6 35 32 74 74 39 37 89 65 84 90 19 41 52 53 2 6 23 44 97 73 22 31 96 44 95

30
38 76 21 29 48 7 97 50 40 91 34 89 62 14 39 63 23 63 60 91 88 95 53 90 17 32 73 14 23 40

25
5 50 34 41 41 87 77 56 32 5 10 19 54 91 37 77 79 0 46 4 47 53 38 65 77

13
91 12 46 4 38 16 75 7 57 94 95 98 30

53
45 50 40 32 35 54 11 13 20 60 34 92 84 90 1 59 74 83 46 78 48 85 55 71 91 13 87 90 14 66 84 57 17 23 87 52 76 98 63 94 60 96 87 45 87 89 6 60 73 50 39 20 37

56
77 58 52 18 9 34 57 20 81 92 3 18 62 75 63 50 63 86 30 7 17 94 38 71 31 86 76 15 85 36 62 63 94 13 79 3 47 35 23 27 28 27 45 91 1 10 40 62 96 70 67 12 63 7 81 94

15
49 94 2 64 79 37 31 34 53 30 70 80 44 63 65

30
18 43 59 20 5 47 46 60 18 19 72 43 35 75 6 62 67 40 56 50 8 18 49 89 20 68 6 89 36 66

47
3 64 97 64 50 23 27 87 63 71 42 0 54 2 4 94 59 93 26 85 26 59 90 36 51 31 18 27 45 44 81 48 7 80 11 58 2 39 46 63 9 89 63 61 89 66 56

26
32 53 15 22 87 41 76 74 5 46 23 20 76 2 6 6 17 1 5 36 97 63 49 49 52 9

39
44 67 71 94 94 14 39 82 64 69 9 22 91 27 11 10 52 82 14 45 27 5 44 65 39 76 30 75 59 34 82 4 1 54 0 95 68 37 76

26
43 50 54 80 27 62 35 97 93 1 5 76 45 11 79 78 0 89 41 49 44 34 31 74 84 96

53
7 42 2 8 85 51 62 67 76 23 1 72 17 2 76 92 45 87 72 22 88 62 63 36 5 95 65 79 81 62 27 86 6 28 92 89 77 53 55 52 76 56 25 91 56 0 84 1 88 55 23 75 16

16
25 85 52 21 31 29 30 40 93 32 32 59 9 15 47 24

37
34 24 35 89 18 48 86 72 74 44 77 92 13 0 97 70 86 90 63 55 51 70 92 38 86 83 72 20 64 34 0 0 56 33 89 73 81

12
40 15 73 88 54 1 2 36 91 62 8 94

22
7 78 10 82 34 98 21 20 76 51 2 28 90 42 93 57 7 48 18 19 65 22

54
41 33 24 67 44 15 69 36 44 84 48 71 17 87 12 68 86 92 29 21 59 38 50 74 88 3 81 40 46 62 69 87 93 94 55 38 8 23 74 52 8 21 24 24 7 36 92 94 27 23 14 85 61 62

25
51 17 49 60 66 91 79 6 82 81 67 34 75 69 7 60 59 24 42 24 14 49 2 56 11

14
21 32 33 23 4 21 10 90 8 41 63 36 89 19

13
94 30 92 42 46 72 47 53 43 70 66 4 43

12
37 59 73 40 20 81 7 38 38 0 49 50

52
17 95 97 53 83 81 94 14 89 94 5 62 26 50 27 92 81 45 30 52 26 83 54 86 23 91 6 30 8 2 73 24 97 72 77 80 52 72 94 42 68 97 5 92 49 32 83 29 77 15 81 5

60
51 84 28 28 72 21 61 11 31 81 25 29 33 67 54 75 54 32 49 16 67 84 38 60 57 15 5 25 29 40 43 78 25 69 6 96 90 67 8 21 47 33 50 81 98 4 55 51 36 5 67 4 88 4 62 46 17 68 72 47

60
96 7 35 9 49 77 39 0 34 59 2 12 83 79 47 90 63 62 53 52 0 62 87 24 58 95 3 84 54 52 23 51 57 56 59 6 32 96 6 66 56 6 79 40 84 25 32 48 87 83 98 85 46 86 8 3 81 12 86 36

16
78 62 81 85 6 93 43 78 77 43 9 41 51 98 88 11

14
19 68 49 44 63 64 47 55 44 91 6 2 39 39

42
81 51 13 1 35 46 92 13 74 1 93 36 14 70 84 38 90 27 48 60 69 63 3 87 67 98 66 31 47 9 4 29 60 17 28 95 62 22 8 35 21 2

48
24 79 46 10 34 34 63 91 53 20 95 94 38 68 25 79 67 89 70 70 58 57 68 63 93 32 25 19 30 37 92 54 16 39 65 50 74 27 40 28 48 36 21 86 6 46 66 71

30
32 36 64 94 84 18 82 15 21 86 55 15 79 78 8 64 14 12 29 36 49 37 67 69 61 88 45 75 25 32

40
43 15 28 56 97 64 34 31 7 81 8 4 11 36 53 11 39 13 90 22 18 59 36 26 77 95 93 66 31 78 13 72 92 41 30 90 4 64 23 9

32
87 26 12 35 58 43 5 94 56 47 86 61 56 35 98 92 42 13 57 39 25 57 25 10 34 35 90 20 31 60 56 19

28
1 45 23 44 68 85 71 21 18 16 98 5 1 83 85 31 54 26 17 6 76 11 33 51 74 65 83 13

42
42 66 17 28 63 28 40 96 91 2 43 98 53 97 3 57 95 56 15 53 79 20 13 39 50 53 73 69 11 1 28 51 65 45 80 30 72 19 25 62 19 69

15
51 23 93 0 98 29 7 88 61 55 77 58 95 67 23

25
94 0 96 52 98 14 23 27 20 97 57 25 81 97 10 84 13 70 92 67 11 80 35 6 76

31
56 25 16 49 90 26 39 31 12 45 28 8 66 64 92 12 0 58 36 55 2 68 16 86 20 60 47 44 66 12 42

43
62 25 6 7 39 32 70 62 2 62 96 86 68 24 59 5 83 87 92 85 90 17 46 29 8 16 79 69 71 80 91 33 4 96 40 43 29 9 4 29 69 1 16

57
41 21 23 8 15 68 27 78 25 67 63 30 76 6 9 13 62 45 37 55 28 64 61 73 9 23 18 1 3 56 89 44 75 13 50 88 79 77 65 5 43 29 33 21 33 40 34 96 85 71 50 12 37 12 85 44 36

13
11 77 81 50 86 67 34 43 53 46 27 51 63

12
31 44 59 25 86 48 2 26 69 6 44 76

30
13 35 41 66 27 4 76 75 79 46 14 14 75 15 44 96 66 27 92 49 37 96 70 82 26 6 52 81 30 36

20
51 42 22 66 9 63 42 7 23 30 7 70 2 67 36 81 21 6 46 29

32
29 42 44 36 78 1 26 90 94 1 48 9 78 33 60 34 70 17 50 34 75 48 47 40 87 94 18 62 88 6 47 18

47
44 67 14 52 31 27 76 0 65 38 50 2 72 23 4 90 34 33 97 60 49 24 0 57 27 39 70 76 15 87 23 57 56 37 10 87 62 84 86 28 24 35 29 94 58 31 85

26
94 28 54 67 33 60 33 47 70 42 15 30 14 46 79 47 65 57 39 75 10 32 22 63 3 45

20
6 62 64 93 84 98 68 73 32 67 74 63 0 23 83 76 4 86 27 77

43
15 59 94 76 14 70 41 47 23 33 54 66 25 40 35 25 54 58 77 38 24 24 31 25 3 17 1 30 79 57 69 93 17 64 68 30 35 8 75 58 42 31 24

31
51 70 74 5 75 92 45 25 85 94 59 46 21 49 86 55 32 25 74 71 36 9 32 7 54 81 83 5 71 28 10

22
36 43 6 93 56 67 92 93 68 94 42 56 43 17 55 40 7 58 15 95 77 57

18
34 67 89 5 48 84 27 90 53 43 72 82 19 22 37 23 72 69

30
78 57 61 73 84 50 37 50 31 42 28 41 77 23 36 52 65 74 28 2 65 20 5 24 48 83 86 76 39 95

13
49 48 71 79 39 11 18 84 66 29 50 66 92

42
47 49 60 24 75 27 71 7 23 50 9 51 84 70 21 17 41 66 85 37 29 3 62 34 13 95 41 47 51 19 63 96 68 24 19 42 49 90 48 73 39 55

12
12 86 9 30 50 7 98 73 26 40 21 16

13
44 93 19 98 76 13 79 6 47 68 44 69 46

52
16 5 34 90 94 92 60 41 55 63 14 92 56 16 43 36 33 86 27 1 4 54 44 97 33 29 31 24 1 96 66 18 0 1 7 93 94 68 33 50 30 46 42 86 62 83 21 95 71 48 94 73

52
58 72 65 24 23 71 17 38 58 46 33 42 8 45 15 9 36 29 24 55 79 86 98 50 32 48 65 73 24 31 67 81 5 31 6 28 3 21 64 61 66 97 4 74 44 17 81 78 44 4 34 24

13
67 71 25 6 79 91 90 68 82 7 22 9 33

14
61 56 51 96 10 27 66 31 91 88 17 78 94 88

44
35 48 4 40 31 32 72 51 71 18 51 66 67 63 28 43 72 86 25 95 87 55 50 72 35 82 14 92 19 35 43 55 82 45 93 14 77 65 64 48 83 16 13 51

14
89 50 5 21 22 35 83 68 58 94 20 53 32 56

47
36 80 83 16 48 24 22 39 40 67 72 58 58 93 86 3 78 31 19 82 12 79 37 84 26 67 32 37 89 56 39 26 37 23 42 86 48 62 24 86 28 96 45 86 91 31 87

36
69 84 7 93 64 4 1 69 0 8 33 65 10 47 88 79 68 39 3 36 38 8 73 30 78 83 68 67 93 91 87 63 75 92 55 40

19
30 23 89 34 2 71 52 71 43 40 32 30 37 70 41 40 46 20 8

36
33 32 1 2 18 25 13 12 4 52 98 27 25 97 86 61 38 64 4 26 62 80 45 38 96 40 15 32 58 55 18 89 87 17 92 6

49
68 82 49 2 42 13 10 56 17 15 46 40 16 56 70 14 43 18 32 92 79 94 79 76 28 19 11 29 96 16 46 63 96 94 66 38 8 76 94 23 92 41 61 7 96 32 21 40 50

16
83 50 56 18 36 66 41 56 4 29 51 55 86 69 52 96

45
43 3 51 8 58 94 64 3 91 49 31 71 33 95 61 72 60 77 43 10 4 54 56 64 71 72 86 63 2 26 94 46 29 47 52 87 40 15 89 33 65 21 3 98 16

36
75 44 82 42 4 56 22 80 25 56 4 36 2 57 26 70 33 32 29 48 50 74 23 47 77 29 64 49 49 42 58 25 86 39 67 90

28
8 4 16 38 22 42 58 84 8 7 65 26 16 29 44 81 8 33 41 84 23 79 3 51 53 97 0 72

54
44 41 98 58 56 35 17 71 63 31 26 66 15 76 12 62 30 92 3 73 2 70 62 22 52 63 89 50 15 54 41 57 94 40 15 51 76 32 23 40 62 50 5 75 27 17 38 55 8 39 27 10 11 89

25
97 23 54 95 79 2 18 29 21 95 67 34 87 63 32 26 73 64 22 75 35 3 36 3 42

39
56 28 74 73 75 78 26 28 98 27 74 55 79 78 90 79 54 12 91 79 9 52 46 97 79 17 18 42 31 34 25 85 60 97 60 34 76 84 62

49
28 65 67 12 75 93 61 96 98 29 28 49 72 96 63 20 49 14 49 96 76 41 72 33 40 67 96 96 44 2 62 70 67 30 80 42 22 40 37 22 69 65 69 40 60 31 60 8 45

42
21 88 94 15 62 30 82 39 49 13 66 21 52 79 5 22 47 49 1 40 16 1 45 92 75 35 33 43 11 39 9 32 26 4 45 86 32 27 26 81 40 91

56
33 0 63 32 41 61 63 29 45 10 62 39 69 76 70 66 54 82 37 52 83 55 27 18 66 12 72 58 16 76 83 47 74 47 79 16 8 41 43 53 51 4 92 19 81 62 85 34 43 21 86 28 76 14 46 44

23
56 15 73 23 92 68 19 89 39 44 6 43 86 0 66 51 13 86 25 57 84 51 64

38
71 87 97 6 7 48 63 48 66 64 16 71 49 79 9 8 50 92 27 38 5 42 81 98 84 84 27 64 48 88 21 21 74 20 25 81 66 89

30
85 47 48 2 54 51 86 34 41 90 63 4 92 56 60 20 2 17 42 44 25 48 6 51 49 45 77 25 31 25

19
84 38 42 14 29 66 46 12 43 42 16 24 51 58 47 85 49 75 72

13
61 7 50 23 58 91 69 31 51 64 91 96 62

16
39 29 26 52 72 90 96 74 93 16 81 42 75 54 29 76

25
59 68 90 61 36 73 71 32 84 3 21 46 0 76 45 75 25 69 75 75 18 75 34 75 64

33
82 26 59 39 65 40 50 42 66 51 58 21 32 92 20 31 67 43 89 55 81 32 57 31 39 98 65 26 78 83 60 61 10

12
14 41 91 87 87 45 6 58 26 4 29 76

35
63 46 64 49 98 79 34 17 59 14 17 77 6 72 74 65 94 74 4 59 22 78 22 2 96 44 10 1 31 24 7 93 70 72 43

21
39 72 40 39 74 9 78 73 73 80 80 18 64 7 93 34 78 77 71 49 91

13
54 88 61 21 36 52 46 17 80 15 86 89 70

14
66 0 61 7 38 77 35 44 64 35 43 76 14 42

17
50 32 52 0 53 51 60 72 38 97 50 26 61 13 70 5 86

16
14 32 55 38 43 48 28 11 9 12 93 73 70 38 43 97

14
78 76 16 79 46 38 19 68 6 62 30 56 10 18

30
70 12 74 38 73 82 74 0 75 40 91 23 43 40 31 80 74 25 75 20 85 97 56 50 39 30 51 76 4 62

47
76 77 65 11 56 33 54 86 43 19 24 11 32 86 49 79 45 83 30 46 73 30 58 13 3 81 87 39 30 20 95 5 95 59 17 50 93 69 37 35 86 61 47 19 46 94 97

56
67 26 19 96 56 27 35 32 24 87 7 92 68 46 41 65 68 43 93 81 59 75 38 25 3 73 63 75 38 28 92 4 52 12 2 9 40 37 39 62 26 46 55 92 93 94 56 60 39 49 42 96 25 78 22 28

18
30 17 34 72 36 54 10 36 96 72 31 71 33 18 88 57 2 53

24
20 73 30 98 88 6 88 77 61 35 74 71 28 10 3 45 0 44 81 44 13 5 39 47

39
31 27 70 82 98 12 12 39 57 81 6 26 92 80 64 93 17 33 57 28 38 34 72 73 48 43 80 97 91 49 4 23 74 73 4 73 83 14 11

12
85 63 66 10 57 61 3 68 88 56 31 36

27
31 21 32 64 60 38 23 9 97 18 10 88 41 59 85 25 59 23 52 24 50 51 15 77 74 15 74

12
50 36 8 44 55 30 63 27 5 97 72 53

44
64 57 95 30 47 71 67 26 41 30 51 30 73 28 54 75 0 80 6 6 33 47 57 0 8 45 55 31 55 68 23 18 25 18 49 70 89 15 96 31 45 49 59 19

23
56 35 5 69 98 6 97 71 87 17 34 53 54 4 71 3 6 38 75 40 66 41 78

14
88 11 88 34 93 71 81 31 4 21 81 10 69 4

15
75 76 11 38 85 72 3 88 40 14 57 10 79 49 83

18
1 68 56 55 77 60 87 38 34 3 94 78 86 24 37 13 46 43

29
51 18 7 18 70 1 74 46 0 87 71 58 77 64 22 93 3 9 11 92 53 27 54 75 16 71 39 62 65

15
7 4 98 60 40 62 39 74 63 35 86 27 10 86 89

16
90 3 42 16 48 94 74 39 94 61 80 78 5 38 5 1

14
93 26 46 13 78 67 44 27 18 14 35 94 73 30

35
56 92 63 42 88 92 1 64 41 46 50 81 0 67 13 64 45 29 74 79 55 39 98 86 35 89 88 98 81 24 11 37 17 73 77

35
66 78 69 6 25 19 85 25 86 98 89 33 26 63 11 79 3 10 66 37 97 53 36 79 77 46 17 95 20 92 98 84 71 68 88

37
79 32 19 19 96 31 67 45 75 87 13 66 12 13 67 4 41 92 14 87 26 28 91 66 46 76 14 83 94 60 1 74 92 21 91 89 50

36
39 5 48 63 24 49 64 78 5 96 82 98 55 0 74 8 79 26 16 6 9 57 69 4 95 52 47 14 41 61 88 78 66 37 43 88

17
40 97 34 92 1 42 98 96 1 81 70 76 91 22 27 87 48

26
84 67 61 44 30 86 64 80 58 97 23 24 13 43 18 97 23 57 19 78 74 47 35 58 33 39

30
91 7 38 26 89 6 87 35 36 72 0 15 31 95 37 56 7 80 72 6 3 30 23 81 4 71 15 62 3 52

25
42 81 79 61 17 9 35 27 10 66 47 97 26 43 60 51 72 93 8 66 7 47 73 19 14

47
57 13 25 50 62 86 42 46 91 49 72 57 75 49 77 9 57 19 89 9 90 24 62 96 14 2 58 31 20 25 61 77 36 86 27 98 74 69 43 64 17 16 22 92 65 0 0

32
45 2 78 65 92 43 64 93 65 82 80 92 89 93 85 92 20 76 52 76 89 37 97 79 58 4 95 75 82 80 38 26

27
61 83 13 81 94 34 60 80 18 87 14 45 10 87 98 18 29 52 66 81 34 8 46 23 10 83 62

35
18 39 46 82 27 53 38 98 28 19 77 87 91 20 89 39 42 8 43 53 11 97 87 65 94 3 67 60 43 0 21 60 37 65 43

18
20 7 77 46 59 44 82 2 75 83 9 7 50 20 51 87 66 97

26
44 42 66 41 97 85 6 27 34 83 1 60 81 37 82 48 33 82 2 24 12 20 62 78 95 58

25
13 68 66 52 39 38 6 94 70 72 16 92 59 60 87 62 78 47 23 58 54 1 51 17 77

36
74 62 90 72 24 98 26 78 93 30 49 34 94 51 75 21 56 63 40 70 12 46 72 97 83 0 86 28 14 82 74 88 46 65 61 70

58
0 12 26 1 57 36 90 43 4 40 63 87 64 89 88 98 58 13 94 91 98 58 23 84 42 32 95 43 18 18 74 16 28 1 15 85 37 6 27 39 44 90 27 9 78 15 6 38 28 0 30 25 58 53 10 1 84 5

15
54 38 90 67 74 83 85 90 18 96 14 35 25 76 70

46
16 82 43 76 11 5 11 26 91 60 89 71 68 73 25 1 73 42 46 25 87 58 70 83 17 10 18 59 38 72 19 54 53 60 29 65 64 40 89 56 0 80 28 66 52 53

36
36 52 10 20 57 44 79 82 41 86 60 85 85 38 12 50 21 79 67 55 83 64 21 59 0 19 13 6 23 34 0 59 85 10 80 41

43
60 64 34 82 34 48 31 17 97 88 49 53 95 28 65 66 69 44 11 9 15 43 4 35 80 71 45 43 8 30 9 66 92 41 47 27 90 78 42 86 66 91 40

63
15 36 9 5 78 0 90 96 16 80 10 66 78 70 0 23 90 75 67 22 22 89 32 79 68 14 7 23 64 68 79 77 5 86 82 84 86 73 79 2 54 89 68 32 58 67 55 49 43 21 69 63 11 2 43 77 16 50 2 80 19 79 58

63
97 77 96 9 56 84 71 81 81 53 65 4 25 32 45 53 15 25 20 28 39 46 8 21 47 29 21 6 63 95 27 59 71 25 69 28 8 39 11 87 92 74 91 16 8 35 69 23 60 89 50 97 35 56 20 80 85 39 86 47 35 14 7

18
14 43 54 71 83 91 82 91 8 10 77 40 4 87 82 59 11 83

24
34 62 84 44 50 50 3 11 64 91 14 70 74 1 22 13 28 75 2 25 66 15 32 6

20
13 21 30 71 55 25 21 73 81 82 29 94 29 33 31 59 43 40 97 73

36
48 9 56 62 72 63 51 47 25 57 73 33 46 0 29 1 79 11 49 41 31 58 38 28 31 33 21 73 60 91 81 7 2 36 70 72

29
66 55 92 66 65 75 34 21 56 81 56 40 79 60 64 0 33 92 83 22 81 38 2 64 62 0 58 80 12

41
95 45 22 5 22 31 12 68 33 20 48 89 75 36 85 91 60 51 21 71 43 22 43 23 49 66 38 90 38 37 27 34 80 48 37 3 77 47 69 9 67

12
42 73 39 36 28 55 62 20 22 15 29 95

57
30 30 97 21 51 41 5 31 78 41 72 23 40 13 21 3 87 20 88 84 66 95 52 39 90 93 27 55 16 6 85 46 36 83 66 86 25 71 16 3 11 88 26 51 2 45 54 87 66 41 70 31 37 24 69 27 18

25
22 3 3 58 20 16 82 50 92 46 87 20 6 24 6 23 43 60 40 20 31 10 21 89 28

16
15 98 73 18 80 39 0 34 82 73 6 71 46 86 3 60

40
42 84 70 94 15 21 92 47 77 43 80 12 97 54 19 19 35 78 53 10 75 83 44 56 75 30 27 19 59 50 39 0 36 8 94 49 27 86 96 5

47
21 79 76 71 87 31 72 60 76 54 90 22 32 62 86 36 23 38 45 45 14 33 24 64 33 40 12 12 86 47 63 6 27 40 77 14 70 49 74 47 2 64 69 34 27 54 68

13
6 28 30 75 77 22 87 67 26 32 84 93 10

48
71 98 78 96 48 25 50 37 49 14 96 20 53 5 93 56 80 1 83 9 74 61 30 60 27 54 93 10 48 4 48 18 1 27 16 50 52 64 85 1 79 83 19 33 86 13 87 67

40
37 95 17 29 2 78 50 56 25 42 33 45 26 47 36 74 63 51 90 22 53 32 78 33 88 34 18 47 85 49 74 23 43 89 50 46 67 2 1 90

30
89 36 30 46 56 47 24 69 4 15 0 68 32 88 57 32 92 61 74 65 30 63 29 61 5 54 24 79 81 89

63
59 83 64 91 68 11 16 29 25 27 49 55 14 70 36 59 77 54 4 2 21 46 92 10 92 93 39 55 75 70 17 33 54 79 23 22 91 37 51 15 62 2 70 77 70 5 37 46 57 42 49 77 88 42 87 79 34 27 33 8 98 50 39

51
57 35 18 59 90 86 34 2 72 86 54 97 52 77 5 82 20 59 3 22 47 19 38 1 67 81 46 28 82 5 78 39 40 97 98 29 84 31 31 56 17 83 54 69 59 57 52 80 18 53 1

40
22 44 51 69 60 53 92 45 57 38 61 94 44 21 85 62 72 80 81 59 42 91 49 60 73 79 97 16 50 9 34 73 53 85 41 13 40 32 56 97

25
64 83 60 58 55 98 17 78 20 46 28 45 78 51 10 60 29 91 91 57 34 0 78 14 5

12
78 68 5 91 72 88 87 22 2 33 81 57

26
20 0 36 18 83 90 41 66 11 57 51 89 49 58 67 23 58 19 54 16 79 42 39 15 3 8

30
65 9 68 19 80 65 23 28 70 12 11 65 67 64 50 52 94 63 34 63 30 29 97 74 17 46 73 51 16 95

28
36 20 65 58 95 31 57 47 6 45 80 56 89 76 59 20 20 88 23 7 34 54 54 63 81 90 7 67

51
40 18 21 54 51 25 18 90 94 25 98 17 56 20 8 73 15 70 46 19 77 35 84 85 1 31 66 46 86 89 63 25 9 82 79 58 9 97 47 4 21 44 21 75 65 27 50 78 98 94 97

27
22 10 1 38 73 95 49 19 45 55 75 6 93 61 23 78 44 80 34 22 62 13 28 40 25 53 17

24
84 92 57 47 27 47 36 78 24 92 57 3 5 32 56 28 69 27 48 16 81 37 43 66

18
20 36 21 41 45 17 87 93 9 92 17 62 11 16 53 24 53 5

36
7 43 5 69 4 86 88 19 13 6 44 88 2 81 39 65 95 64 70 74 95 82 43 92 56 4 54 56 72 88 57 77 30 60 45 35

16
10 88 95 72 78 58 28 71 55 54 58 30 62 68 91 90

35
7 94 90 1 32 91 89 15 97 46 13 85 14 9 30 44 2 44 66 52 13 75 75 80 25 9 3 39 65 91 67 73 86 56 72

34
71 26 71 82 37 33 44 81 76 16 75 41 11 7 82 75 41 59 95 85 55 49 81 2 77 98 31 11 6 60 14 75 86 83

46
71 69 29 4 74 39 45 36 56 28 10 93 86 77 97 76 39 61 74 27 90 88 32 12 19 85 9 91 5 19 84 74 86 14 79 60 54 25 96 9 51 5 1 39 82 0

33
18 17 10 73 3 91 74 18 23 67 69 2 93 38 26 64 46 58 70 42 46 82 3 50 98 90 44 1 73 12 65 91 27

14
5 72 42 66 26 90 77 4 89 51 72 24 16 38

37
42 7 28 9 90 76 48 77 96 33 29 42 6 59 91 67 41 14 50 37 73 53 86 47 36 35 4 52 46 46 4 86 54 30 95 43 7

45
18 26 46 56 5 93 83 61 15 98 50 48 94 26 6 7 92 49 67 36 77 20 71 0 15 60 67 87 78 46 78 96 73 23 51 76 18 33 36 33 32 87 79 26 12

14
90 79 62 49 36 77 66 92 50 34 89 27 2 45

19
3 74 73 62 18 8 76 16 13 57 75 60 46 89 58 28 57 82 93

40
13 92 2 33 70 62 85 92 87 92 9 81 72 46 8 40 73 66 22 76 73 90 39 80 77 44 36 17 81 46 69 95 39 70 27 10 33 13 1 19

18
11 2 77 55 8 16 30 75 36 5 47 27 42 26 3 86 63 21

49
54 10 84 96 12 28 76 84 73 89 87 48 44 68 22 95 30 8 25 74 63 18 21 57 79 7 83 50 30 8 7 84 16 89 81 26 16 58 11 89 48 98 37 90 66 59 87 96 65

39
86 82 49 32 9 14 19 98 83 94 13 33 55 16 19 44 75 93 70 36 77 43 29 76 83 84 28 31 69 36 81 54 19 29 87 29 44 5 26

15
44 94 61 30 7 39 67 45 62 31 29 36 42 67 66

28
75 89 40 95 60 32 27 52 73 85 31 40 86 32 94 60 33 25 44 9 13 92 93 48 46 63 51 52

26
62 80 18 92 33 36 90 65 83 76 89 60 85 80 63 90 9 74 69 20 20 7 46 84 10 41

12
55 80 80 68 48 76 72 7 26 24 77 59

23
34 9 14 25 44 70 61 79 45 0 68 67 12 4 73 80 7 82 22 45 54 86 31

20
28 53 39 74 39 19 70 98 8 15 37 27 94 25 0 62 42 16 58 36

22
66 7 32 87 7 60 14 55 50 80 63 48 70 9 32 55 0 49 53 24 8 77

39
42 76 90 62 48 6 38 6 88 85 82 26 70 32 32 68 21 10 30 39 26 89 67 62 14 14 72 62 3 79 0 45 57 88 8 6 94 45 12

14
37 50 12 14 69 35 94 6 32 33 96 95 51 76

48
2 44 46 69 77 65 69 18 8 76 98 30 69 46 46 5 77 2 49 79 93 94 63 65 38 21 20 77 84 91 89 86 34 37 54 12 1 22 30 9 96 27 40 66 71 84 69 48

18
62 77 81 46 17 87 21 43 18 10 15 45 26 51 28 90 75 54

46
38 11 63 67 15 96 2 82 9 87 20 27 66 32 68 18 80 46 78 86 33 84 89 64 67 46 63 1 15 88 44 52 97 6 18 13 1 21 93 10 7 12 35 74 44 2

36
55 50 58 4 8 30 16 92 89 75 91 74 3 92 12 65 95 2 70 80 45 41 3 94 38 55 29 32 32 38 81 87 86 38 89 95

32
93 8 25 81 61 10 92 17 31 22 22 49 90 81 28 25 3 18 81 78 42 91 97 9 80 98 67 50 64 7 22 58

31
64 14 29 98 74 34 31 15 74 66 51 13 69 2 31 63 38 11 55 44 68 90 53 48 19 38 45 86 76 3 86

59
39 53 63 43 90 26 63 53 51 24 24 94 76 66 20 23 11 14 12 6 19 66 80 71 96 90 22 36 14 16 41 54 67 5 95 59 30 59 13 81 81 37 76 57 2 94 80 14 9 92 18 26 59 96 95 55 85 18 91

57
74 14 17 65 4 67 37 20 95 43 85 98 22 98 69 59 7 28 39 36 82 56 50 52 50 43 15 28 34 35 67 10 47 84 73 49 52 11 67 46 54 53 44 74 53 12 35 58 40 72 94 23 29 43 74 79 85

22
96 56 17 25 19 74 19 33 31 32 95 74 20 94 29 35 39 42 89 62 53 0

32
81 61 54 0 40 42 33 1 69 68 71 7 90 36 33 59 56 35 42 96 6 23 67 81 45 74 6 70 60 88 2 40

16
95 36 93 54 28 59 31 30 59 43 46 4 62 78 1 81

42
64 7 90 12 84 7 23 11 13 27 92 48 37 69 49 80 93 32 75 62 57 56 90 33 61 69 6 93 96 17 63 61 22 54 72 6 59 95 15 71 21 8

43
43 43 58 3 32 4 52 14 70 88 6 24 76 28 17 84 88 7 10 1 64 73 71 8 35 75 2 29 83 42 71 27 86 30 28 17 32 79 31 1 68 38 25

46
18 83 51 57 10 55 56 27 28 87 62 75 74 49 91 13 38 2 4 4 61 69 36 78 61 85 3 96 26 56 33 42 40 84 97 50 40 53 77 68 41 38 43 16 88 35

17
0 32 76 44 35 71 29 85 36 21 53 64 30 25 55 8 33

44
61 83 64 96 83 46 11 32 26 47 24 68 73 16 64 66 65 24 1 61 52 45 6 82 70 46 17 44 38 2 29 0 83 91 94 68 38 6 98 62 51 23 31 25

32
30 42 16 50 50 60 98 13 49 47 96 16 34 3 45 54 4 73 27 40 65 76 27 45 50 42 63 16 43 45 18 71

31
9 13 91 53 33 46 11 98 15 62 49 36 25 0 12 51 14 47 26 45 47 53 19 42 7 47 24 50 32 74 47

46
48 5 52 79 72 97 46 66 78 64 2 42 82 61 70 2 56 19 45 81 48 57 20 63 24 40 53 38 19 14 43 65 17 95 43 87 91 87 54 70 53 54 11 36 16 81

30
80 69 37 94 69 24 44 43 13 76 70 46 48 70 91 78 80 96 9 22 77 78 59 51 85 33 2 20 33 83

14
15 40 86 65 57 52 25 38 17 47 30 45 22 63

40
12 80 3 45 35 74 94 34 37 80 49 44 25 97 18 82 69 52 92 66 79 27 6 40 59 58 53 74 59 67 3 71 48 7 16 81 81 11 14 18

26
38 86 21 19 25 33 44 75 87 95 54 81 8 64 52 18 3 43 46 66 7 53 19 36 1 96

30
44 34 37 37 75 43 79 17 9 51 41 13 64 69 7 66 54 30 84 74 1 84 40 64 31 71 90 51 40 70

60
31 67 98 3 12 10 44 62 75 83 94 68 21 32 43 95 78 88 19 25 66 97 17 48 8 85 70 64 89 14 69 19 80 66 20 92 76 65 53 50 47 49 19 66 79 62 62 57 49 79 82 16 77 97 64 83 83 33 49 71

13
27 23 71 55 87 31 73 30 92 12 97 44 21

20
19 37 94 81 95 39 85 34 75 21 83 1 87 47 52 17 48 19 5 41

26
28 38 17 53 34 93 39 31 16 54 8 14 36 18 77 13 54 67 38 94 25 63 73 76 40 71

20
86 79 26 8 51 0 16 74 51 81 80 51 62 47 69 14 90 15 40 0

52
81 87 43 5 78 85 51 65 16 36 53 49 86 67 33 8 80 4 67 53 6 87 79 76 91 47 7 98 47 93 87 29 81 29 32 59 14 84 25 28 19 76 77 6 44 9 12 23 14 80 76 18

13
95 4 84 83 16 75 81 89 30 30 70 71 78

22
16 93 80 38 41 11 60 74 40 55 36 46 9 64 19 91 75 66 88 74 35 11

54
52 30 48 73 90 65 8 18 45 18 42 36 54 6 32 76 67 15 15 56 19 94 43 63 29 57 31 59 34 75 32 86 6 79 59 95 45 65 14 90 81 56 25 37 60 57 12 29 70 27 83 88 20 26

63
22 71 42 15 56 23 89 27 4 29 86 82 39 22 83 48 16 84 22 78 19 81 85 52 7 2 77 83 36 0 94 56 70 37 71 25 59 60 52 63 89 40 44 27 60 26 75 76 11 96 56 28 76 40 80 83 42 59 67 78 57 63 36

37
22 27 10 77 16 7 53 40 62 49 3 96 23 49 90 14 27 12 17 64 31 86 29 45 98 56 54 55 7 30 26 28 57 36 6 73 42

21
61 14 96 15 3 48 70 31 50 96 43 85 88 42 10 16 91 81 32 50 49

21
80 22 16 97 45 97 15 36 72 53 5 12 90 0 69 13 21 57 23 94 7

38
24 25 14 69 65 97 91 75 4 15 38 75 6 68 91 82 8 70 5 49 94 73 60 1 40 45 34 8 86 83 21 10 8 35 79 73 33 70

29
35 72 39 6 85 22 79 68 85 36 86 56 88 27 97 98 4 73 86 66 18 36 87 54 73 85 39 40 13

20
0 87 89 40 77 4 33 14 78 48 11 28 53 12 9 51 62 80 88 16

13
34 93 7 51 3 13 22 80 3 90 64 68 57

35
41 48 53 72 61 24 88 63 84 20 34 16 77 55 30 46 59 64 17 5 1 26 73 55 18 11 87 67 62 43 80 4 89 33 74

40
88 81 96 16 15 7 90 6 48 45 45 69 40 86 66 68 68 22 62 87 4 62 63 64 49 18 14 78 98 40 49 87 23 44 4 36 50 92 42 98

62
1 8 49 19 51 15 94 67 18 79 35 12 68 66 40 79 51 91 12 35 34 36 61 20 50 37 44 37 18 92 96 19 0 46 36 51 59 29 19 77 8 52 88 74 19 29 55 68 19 65 4 51 3 63 71 53 98 16 90 18 8 87

43
41 71 29 4 57 77 45 27 58 43 12 63 2 11 51 54 54 55 30 97 93 59 92 65 31 43 97 35 21 67 94 62 39 22 67 94 97 11 21 55 54 31 19

55
64 26 49 94 74 10 50 23 64 13 26 89 1 97 5 20 95 78 57 0 17 59 70 70 62 53 60 95 76 91 66 42 18 17 35 90 27 85 15 90 96 39 78 97 35 84 18 29 61 73 29 78 33 97 50

44
40 89 67 18 39 19 34 4 42 32 80 18 97 34 21 22 15 12 43 88 47 43 17 73 17 8 49 51 76 9 30 17 96 97 33 37 15 66 39 57 98 20 75 96

49
88 62 24 46 89 62 21 31 45 87 68 81 5 87 9 48 98 10 53 50 28 40 68 80 16 56 59 14 23 33 1 12 94 25 59 84 86 78 16 30 64 83 10 69 71 20 19 69 30

40
10 63 21 70 11 48 36 1 94 44 79 83 8 47 37 23 59 37 4 20 25 40 64 73 1 27 78 80 64 58 56 74 20 77 43 31 27 77 30 20

47
33 95 63 2 86 10 36 52 40 84 25 59 31 16 54 41 86 30 84 14 57 5 45 81 71 94 32 67 39 56 71 70 50 33 73 37 43 8 88 81 92 14 41 22 30 93 63

25
75 12 54 28 85 16 48 50 10 37 56 60 94 32 60 86 79 98 19 35 25 32 81 64 89

58
98 78 38 35 26 15 88 62 32 45 64 32 69 28 33 81 63 17 31 87 11 98 30 94 3 82 13 12 43 87 17 42 65 56 75 91 69 62 55 2 8 18 34 75 44 65 58 6 82 87 94 91 85 23 84 88 6 97

18
16 34 77 2 24 83 97 23 31 82 38 19 31 10 81 72 49 5

20
31 37 76 44 49 2 5 73 30 68 49 1 31 78 61 58 34 28 11 74

32
72 20 5 10 92 43 29 56 21 84 34 92 17 46 89 15 78 94 22 68 2 25 61 62 3 92 69 98 53 35 88 25

32
0 59 76 35 86 77 46 43 4 58 42 11 49 2 9 29 54 64 94 89 89 95 24 11 74 82 61 43 36 97 91 34

17
68 69 43 46 16 84 48 72 28 57 20 28 64 50 82 30 45

22
52 51 34 20 44 60 72 37 25 48 14 65 71 62 22 17 23 73 10 70 30 68

60
38 43 65 91 56 10 6 39 13 64 82 40 97 52 80 3 40 89 94 97 57 21 21 16 35 49 15 42 71 8 67 9 52 32 98 7 40 5 46 53 67 30 93 66 80 75 69 19 63 62 17 21 84 38 37 20 86 50 62 58

42
11 40 27 3 73 12 16 64 95 69 54 65 90 90 29 53 94 33 2 54 81 53 69 40 74 12 98 19 88 0 6 0 38 31 3 13 43 19 75 38 86 30

36
1 59 31 31 6 16 6 72 82 60 59 73 33 95 56 94 27 55 80 58 97 42 89 92 41 70 42 89 6 22 8 7 79 39 36 83

14
32 77 55 3 41 81 72 83 31 74 58 75 49 53

43
16 53 25 31 36 36 84 29 45 47 69 49 55 29 32 79 81 15 42 39 21 16 46 50 51 85 85 44 72 66 73 87 20 96 19 54 34 3 84 79 48 52 30

39
55 55 8 51 68 15 17 1 58 90 4 71 29 16 84 23 80 57 65 22 57 61 56 86 89 84 67 36 45 97 40 1 51 48 52 21 63 68 20

22
77 71 64 63 71 75 30 56 88 70 18 39 69 76 85 62 65 5 15 30 51 96

24
68 13 79 93 84 94 93 50 38 95 65 83 27 97 59 92 32 59 70 0 36 63 83 87

38
18 91 40 79 67 18 34 1 66 17 82 34 15 85 54 19 2 56 7 11 30 39 89 34 21 2 45 9 31 86 85 50 76 26 28 45 42 62

22
74 0 24 39 49 62 91 2 93 18 8 4 52 87 13 62 77 27 24 55 60 91

12
97 90 37 95 81 77 60 92 72 50 49 76

44
80 14 87 7 95 98 58 61 90 8 7 35 28 69 33 79 58 18 77 47 53 71 30 31 31 23 2 79 72 79 20 53 91 8 58 85 6 18 47 94 24 52 28 52

12
88 43 86 60 41 44 79 0 54 20 91 78

46
62 10 36 22 74 10 3 70 14 37 63 9 14 20 29 77 18 66 43 59 74 37 86 79 70 55 30 57 81 26 70 44 34 7 64 9 15 67 78 28 5 42 37 18 62 67

19
11 45 49 79 78 86 24 13 16 65 3 25 13 80 5 61 66 78 20

19
35 77 50 34 55 50 15 18 18 44 74 39 32 22 18 28 0 25 50

24
61 86 7 38 20 43 75 70 14 82 79 35 42 1 91 69 32 92 90 3 50 79 52 85

17
25 16 48 78 16 67 11 90 69 79 42 86 96 5 84 64 93

18
52 11 63 35 28 66 19 57 0 94 45 14 81 69 19 1 56 46

24
9 57 10 59 38 77 44 0 82 67 88 87 74 0 3 26 77 1 31 86 64 73 96 3

17
89 72 24 73 85 29 30 11 71 91 92 62 16 62 58 88 16

54
70 34 24 44 87 8 69 26 64 4 72 50 54 17 0 10 93 57 64 66 38 34 28 75 52 68 23 68 27 41 56 97 75 80 43 62 86 11 86 52 15 59 3 67 76 2 77 68 59 42 35 98 77 61

14
72 5 56 11 16 70 0 78 19 73 19 85 85 83

21
37 97 30 45 61 20 42 75 53 96 1 35 97 41 72 24 77 44 82 5 79

29
25 96 49 56 82 72 55 16 54 93 12 84 39 73 6 79 47 57 75 47 90 71 88 63 95 64 6 77 69

19
59 54 43 86 27 51 90 97 25 81 72 71 23 70 68 9 82 66 66

54
7 78 26 60 79 5 15 70 45 78 72 8 85 52 86 17 33 82 93 73 47 26 30 68 3 37 64 96 13 46 22 20 23 48 78 4 54 92 74 97 71 45 6 55 95 90 71 29 74 65 4 22 89 32

33
80 83 31 20 45 70 65 40 21 42 84 57 40 67 29 80 13 8 64 83 15 62 79 15 87 1 45 66 31 0 64 13 84

17
64 47 31 84 78 82 1 74 53 79 82 84 89 86 49 1 36

24
8 69 21 11 96 9 72 80 96 87 33 62 10 43 18 52 14 74 90 34 81 89 83 64

21
88 21 21 79 26 22 92 27 40 4 15 63 90 63 58 98 63 29 85 94 14

29
20 28 29 26 15 46 6 44 1 31 75 3 15 88 54 61 83 44 58 81 2 94 18 86 0 3 35 27 29

28
62 19 54 21 93 35 69 48 19 38 27 16 27 74 70 2 70 12 65 64 13 88 53 89 82 61 38 7

41
62 39 42 34 67 21 4 45 34 12 8 82 40 20 27 52 10 85 96 97 66 76 83 22 15 11 67 1 15 17 25 78 54 65 11 22 87 15 66 22 27

14
40 18 16 25 70 40 59 32 7 78 42 76 76 37

21
1 92 9 1 42 63 70 80 47 48 78 33 72 86 68 36 55 17 88 11 32

33
7 22 42 46 15 27 83 36 29 84 27 36 84 67 0 53 48 47 2 27 80 75 12 48 12 68 65 98 79 95 4 84 16

12
76 95 54 77 46 22 83 97 29 19 54 32

18
55 65 86 87 69 26 61 49 29 67 43 91 28 89 11 3 91 94

12
60 35 36 54 78 64 73 29 75 39 7 2

19
65 91 68 95 11 4 50 43 0 68 31 70 62 58 49 96 25 67 16

12
91 45 74 15 72 67 32 76 19 88 21 84

63
1 13 54 53 36 30 91 16 41 88 5 8 75 62 29 42 45 15 87 62 12 77 28 54 87 57 17 77 40 57 47 41 68 0 95 5 30 85 19 69 75 23 77 49 85 5 91 30 21 78 90 31 56 19 83 42 75 1 18 16 57 65 56

19
29 50 49 54 34 98 94 33 23 88 12 35 75 15 50 57 50 65 1

22
81 79 61 3 7 49 71 28 7 15 41 31 42 79 82 56 59 28 7 72 82 32

42
53 85 75 19 24 44 59 73 29 32 18 55 34 66 37 96 43 71 35 76 31 82 25 24 35 51 36 21 84 79 79 37 65 53 54 87 98 12 59 26 44 78

34
26 73 92 65 31 70 76 34 18 85 39 79 69 18 73 84 9 16 56 50 49 82 7 12 19 16 5 2 7 5 64 33 77 55

15
44 75 77 31 6 79 97 29 28 59 98 32 91 15 19

14
30 56 33 86 87 85 69 74 75 0 61 56 33 95

49
55 60 96 69 85 87 29 12 38 78 12 34 8 91 82 36 89 74 50 73 37 45 27 4 22 75 78 70 40 67 4 94 26 98 64 13 87 91 25 24 69 35 58 77 28 39 14 16 14

39
48 58 28 60 46 83 50 12 95 98 85 93 2 41 61 47 55 44 74 53 66 50 88 32 14 44 5 53 25 90 5 71 49 33 31 95 17 81 7

26
25 55 0 84 79 13 11 17 12 30 39 56 29 25 86 47 43 31 82 62 22 45 3 54 31 7

26
37 34 55 87 49 92 36 69 22 2 81 17 35 70 21 53 81 64 90 81 3 83 69 97 49 79

15
22 3 29 66 97 13 4 69 34 56 47 96 35 96 53

12
14 50 71 95 59 15 87 58 95 4 53 95

22
54 7 76 89 71 42 6 82 1 47 85 54 88 35 69 86 83 9 75 36 48 89

61
55 35 1 11 69 81 39 73 85 88 65 28 74 57 71 5 75 32 36 13 1 37 20 3 43 17 84 46 28 96 51 84 32 51 95 0 31 33 71 17 23 36 44 97 93 14 1 69 46 35 80 47 72 1 49 16 19 34 60 45 31

43
64 3 6 7 20 92 32 40 98 36 77 55 92 41 12 7 27 85 91 8 12 87 78 63 49 46 92 85 22 18 73 84 19 77 91 37 68 23 75 67 59 53 22

21
48 24 31 61 4 86 46 22 93 77 75 63 16 61 41 92 53 60 41 26 93

31
33 57 57 19 56 12 51 44 97 87 81 39 5 59 21 59 39 98 54 11 94 57 24 91 47 41 22 90 55 31 50

13
25 82 20 88 26 49 43 27 31 86 63 60 11

18
76 5 10 34 26 12 98 43 30 82 54 95 89 96 84 67 94 31

27
46 61 6 6 59 21 6 78 42 62 29 63 43 15 97 78 96 43 82 87 6 33 87 69 5 34 15

22
95 9 61 13 57 15 93 95 95 88 49 45 48 49 66 55 57 13 93 7 56 95

63
51 92 21 19 79 65 52 81 70 19 82 61 17 83 73 29 53 6 75 88 35 5 16 72 93 17 71 65 50 80 26 2 71 47 21 50 12 72 32 82 91 13 42 7 96 17 36 48 23 10 36 56 16 50 29 8 67 0 71 18 78 95 19

43
44 5 8 45 83 30 38 59 15 27 35 48 80 40 76 23 72 36 83 75 62 86 44 22 59 49 84 30 79 54 90 22 60 96 67 44 27 4 5 43 29 40 89

12
70 22 8 12 93 29 5 68 1 52 12 48

48
88 75 74 74 60 8 36 22 43 6 42 41 24 49 64 5 60 82 97 55 1 20 74 6 44 85 30 11 70 27 67 59 1 40 32 61 49 66 84 90 73 25 32 95 74 96 2 33

22
87 58 69 34 16 48 37 7 63 29 65 44 18 56 2 23 51 68 32 5 95 83

15
63 55 91 63 26 47 78 0 86 79 15 27 49 61 85

56
56 35 7 51 20 2 90 32 46 16 61 73 58 1 86 65 77 26 96 30 44 63 88 61 92 15 60 38 2 89 48 59 23 55 11 44 56 0 76 1 15 38 74 71 37 61 35 13 85 33 43 29 96 30 88 87

56
42 6 22 3 20 83 14 85 93 1 61 33 45 34 97 1 94 81 21 87 71 22 81 85 6 51 60 56 58 87 27 0 92 47 3 11 32 17 96 26 16 57 57 61 91 55 63 84 35 82 72 5 5 52 90 12

16
14 29 93 59 98 32 60 66 71 51 64 58 41 35 92 17

24
28 1 0 52 63 29 57 29 10 4 3 76 81 17 87 14 79 81 58 96 80 57 97 53

34
3 12 81 88 11 65 37 44 38 67 90 13 43 81 98 95 93 85 52 9 81 59 33 77 10 41 1 90 26 22 56 29 34 36

13
53 72 36 95 69 15 56 6 45 76 45 33 62

53
44 17 70 7 7 41 38 52 45 56 74 24 39 80 57 62 85 96 33 17 11 11 56 40 77 62 89 40 38 10 96 80 28 66 87 33 8 25 85 51 81 58 75 19 37 34 81 23 29 14 38 40 25

22
71 36 2 37 59 91 18 31 2 58 50 70 59 57 25 63 40 59 59 7 15 59

21
39 44 28 11 48 63 21 13 60 40 87 15 41 56 89 51 67 6 91 16 38

47
79 24 11 20 51 75 86 21 15 45 42 39 18 43 80 46 26 18 0 18 93 44 61 5 44 94 76 11 38 53 35 18 77 45 36 27 21 21 48 36 66 88 76 83 32 55 28

44
55 62 36 42 98 96 26 57 82 21 25 16 4 45 58 14 94 34 92 80 71 73 59 54 63 48 81 43 2 45 19 57 6 55 97 4 50 22 61 32 43 85 46 47

17
91 31 70 20 2 19 81 2 90 55 61 32 56 64 43 39 60

14
63 38 84 10 15 9 25 27 68 84 15 23 93 34

49
48 89 60 30 16 24 14 14 83 21 78 87 56 90 92 13 13 4 10 35 73 68 45 8 90 75 22 85 81 67 89 30 58 48 58 74 72 72 86 56 94 65 45 51 54 36 62 66 39

29
35 44 68 78 68 97 82 31 59 9 57 80 5 49 94 31 38 91 14 88 42 97 77 2 96 97 27 49 48

46
69 75 60 26 40 49 45 5 48 51 68 51 7 64 53 25 44 34 22 53 18 60 35 85 15 33 40 78 86 21 81 54 96 40 80 35 87 25 41 36 76 10 86 81 72 40

54
31 69 41 79 83 96 32 84 95 40 92 25 88 71 74 5 61 95 78 63 14 53 77 83 9 86 38 64 61 64 83 92 35 23 72 17 20 3 0 17 43 90 40 31 62 13 36 22 8 14 85 20 67 64

22
51 60 14 90 46 55 22 89 59 38 70 54 56 30 51 51 28 24 13 89 86 24

38
86 19 52 1 14 51 10 84 29 65 9 85 75 74 20 57 55 63 50 71 51 36 68 91 39 96 31 8 2 16 69 89 33 20 88 45 72 0

35
69 62 33 54 18 61 24 33 64 58 80 82 70 79 77 68 45 17 70 97 13 25 59 30 75 39 21 80 30 74 83 98 35 16 51

26
45 92 75 19 27 57 86 39 95 59 95 88 45 19 48 22 49 21 92 23 18 43 13 78 27 77

29
33 20 43 25 95 15 21 78 16 77 66 97 0 70 28 28 65 67 61 19 21 42 46 3 69 2 97 73 86

18
88 34 15 44 6 24 2 0 97 60 95 49 74 9 69 44 1 27

12
77 9 29 1 54 34 57 66 45 78 0 18

54
2 41 71 12 21 11 38 27 13 85 38 29 60 21 65 7 93 98 64 43 65 59 24 97 22 89 17 64 18 14 38 18 54 11 30 75 20 68 1 33 54 37 60 13 58 26 18 52 25 82 94 88 40 19

59
95 79 39 81 69 64 5 8 26 1 32 35 98 5 40 20 33 71 31 90 60 46 50 15 80 67 43 71 64 19 74 61 98 15 41 66 77 46 75 5 47 8 38 46 11 78 64 42 48 95 34 7 41 84 23 22 51 66 91

57
19 47 32 3 81 7 33 52 78 75 2 20 41 73 78 1 80 84 36 45 92 15 12 70 23 19 67 54 96 24 97 16 71 30 19 54 35 51 5 14 27 5 33 66 79 12 67 58 94 3 4 87 18 14 59 41 33

58
92 50 4 30 11 51 6 92 56 95 21 17 11 85 52 9 7 11 88 83 60 92 13 97 43 79 0 90 57 66 97 48 17 0 78 26 52 82 19 7 78 38 24 87 22 77 95 29 86 84 11 48 75 24 44 19 4 45

21
89 98 59 3 9 27 75 28 78 17 82 26 97 12 31 80 67 12 38 50 93

39
55 41 4 95 17 14 61 80 5 52 81 9 46 92 54 61 28 1 86 90 20 75 51 36 57 70 92 56 18 30 80 71 69 85 67 86 0 28 65

14
0 17 10 50 61 12 56 47 80 25 79 69 12 14

19
22 26 48 12 74 10 68 49 54 92 16 35 25 91 78 27 79 2 47

45
13 43 53 34 16 17 6 63 45 38 31 9 21 90 7 46 98 65 89 53 92 98 30 67 87 75 16 88 80 57 30 91 0 81 27 16 96 33 78 40 72 10 50 91 98

13
7 37 35 36 69 49 86 23 0 17 55 9 84

13
59 4 15 28 24 43 33 68 61 56 97 59 51

27
14 90 63 48 89 93 56 85 94 10 8 89 63 28 60 71 49 38 0 51 29 33 69 2 92 88 46

26
2 2 82 57 12 13 12 7 42 67 1 98 46 96 20 63 52 6 19 37 15 4 98 73 93 75

42
38 75 18 14 44 6 95 72 45 3 49 6 70 70 47 1 68 65 31 24 85 65 73 64 21 65 56 87 10 82 43 48 58 62 62 1 66 57 74 12 60 24

13
93 37 48 19 34 95 79 67 1 4 80 17 50

47
6 58 92 44 45 7 35 84 27 63 78 68 40 35 25 51 96 17 86 45 37 19 42 15 86 41 19 67 58 69 68 64 26 60 8 71 67 41 54 92 5 32 61 46 67 85 95

14
69 45 40 50 12 41 17 23 19 35 48 62 48 37

52
82 5 78 79 73 13 69 20 75 26 43 96 64 90 97 11 10 98 92 8 38 79 83 70 63 68 84 20 86 87 75 67 90 52 47 62 65 18 83 41 44 25 37 8 14 33 19 24 32 12 31 70

17
26 42 91 11 15 58 19 21 36 55 94 1 6 9 16 34 44

28
93 16 92 15 62 35 44 11 68 67 61 94 26 33 30 65 89 39 75 36 61 76 79 17 10 90 74 82

24
55 33 27 24 90 78 93 96 92 19 23 49 29 31 30 67 92 88 22 76 9 28 5 44

58
85 8 32 38 69 6 71 63 49 40 95 81 84 2 48 85 71 40 75 20 3 7 69 11 36 44 98 54 34 88 26 20 94 56 58 65 63 28 27 13 66 24 95 52 26 42 36 96 80 12 15 83 20 84 95 54 30 92

36
64 32 14 35 5 17 55 87 73 17 89 40 91 40 67 33 64 18 29 61 89 23 61 48 30 6 1 62 68 71 54 33 2 68 66 7

60
11 67 70 42 34 22 98 69 9 44 6 93 74 68 0 70 22 1 83 45 32 37 60 25 29 25 11 68 22 80 44 32 47 16 74 81 36 71 51 44 14 56 38 88 25 36 57 45 36 41 90 68 77 51 91 7 74 2 74 97

18
93 21 17 36 32 52 91 69 3 84 26 54 63 90 18 30 50 53

27
9 3 74 22 30 87 80 39 52 76 7 28 67 36 60 96 58 4 91 48 50 46 76 55 70 18 95

15
71 14 92 4 33 14 57 90 80 33 51 72 0 21 28

22
20 41 39 97 58 47 45 24 47 23 67 24 51 49 87 8 87 67 89 70 66 60

21
79 35 64 0 42 66 41 68 70 3 47 39 53 5 1 77 59 27 63 11 74

15
45 10 67 61 35 43 43 7 48 44 19 10 92 96 25

37
83 90 63 68 61 72 88 71 72 57 72 45 65 3 12 45 26 85 7 36 11 91 73 82 54 28 57 81 79 50 26 61 42 89 28 2 60

61
85 35 12 89 76 84 76 32 11 73 45 82 51 87 60 73 80 86 1 51 70 52 50 65 1 5 51 18 78 60 81 64 95 93 53 70 76 30 2 87 5 47 68 54 35 28 28 14 15 28 66 83 80 15 49 79 19 98 98 97 59

12
16 82 89 27 84 16 0 12 69 91 45 57

17
55 93 94 12 87 91 98 53 0 14 39 15 88 24 67 60 62

14
74 67 77 11 18 36 48 85 46 89 78 45 42 96

15
46 6 21 78 34 1 29 41 57 62 86 31 68 36 34

25
90 24 56 43 29 56 59 43 91 55 12 6 79 39 20 10 57 33 70 9 3 29 77 60 50

27
37 49 58 64 32 50 86 88 91 17 44 51 58 34 6 69 40 85 7 58 93 63 91 64 72 93 93

26
34 87 55 25 63 45 86 56 22 5 58 32 46 13 2 67 56 14 63 87 80 7 72 24 43 28

34
40 64 12 73 64 65 45 57 90 48 24 35 41 36 14 31 35 87 71 26 32 69 82 8 58 31 0 73 62 48 92 1 13 3

14
5 8 17 39 44 55 12 29 38 79 11 19 93 27

39
94 63 80 77 39 75 71 60 76 35 90 68 46 78 1 25 84 59 66 1 18 21 4 95 67 97 44 73 46 3 54 39 64 36 15 4 10 87 63

23
58 73 76 95 0 74 10 15 26 11 97 80 77 72 11 29 28 35 65 38 69 87 1

45
76 50 34 73 68 56 60 68 64 52 42 96 7 71 88 52 32 97 69 24 26 86 53 53 19 51 2 15 5 55 91 79 4 25 51 70 79 12 39 44 63 80 39 68 52

30
69 70 75 26 43 59 51 89 46 86 57 42 64 52 71 86 87 98 36 63 18 54 72 26 88 79 47 7 50 59

39
73 16 1 88 37 82 34 17 23 21 94 16 43 29 57 49 30 49 43 50 60 88 36 16 83 45 55 32 61 41 70 33 55 71 22 92 55 57 9

31
26 68 51 76 46 73 0 15 23 33 24 41 47 12 58 96 78 58 80 53 97 43 28 43 42 10 32 18 37 84 34

27
77 13 92 26 85 42 43 35 69 43 59 52 60 82 59 75 58 64 85 50 34 58 40 23 77 94 17

43
96 61 97 43 30 2 95 3 12 47 31 10 30 10 79 97 80 1 54 31 33 66 17 35 85 26 21 22 51 34 20 49 96 16 90 25 19 87 29 29 35 58 40

13
44 21 57 8 56 74 16 77 23 40 30 6 94

12
12 64 89 49 60 88 65 85 78 1 89 64

29
17 10 33 79 20 59 4 77 1 54 78 88 5 56 60 47 4 39 13 79 39 5 25 49 23 70 27 6 93

42
62 58 35 74 6 40 2 61 31 34 86 32 19 22 77 83 46 42 1 1 79 80 74 2 22 36 33 25 37 12 79 97 69 14 72 75 52 74 35 81 8 22

38
12 7 31 88 96 14 8 0 11 89 2 93 91 7 20 38 11 93 5 47 42 69 1 44 23 76 92 49 90 33 82 4 41 12 90 36 27 98

34
18 8 51 10 21 98 50 48 87 93 61 44 77 35 14 86 7 65 12 32 30 31 9 3 71 24 97 91 98 3 91 15 9 41

37
48 20 16 53 19 69 55 74 3 24 59 7 75 46 27 61 89 55 55 69 67 37 75 3 66 62 91 86 23 45 81 69 65 96 23 82 66

14
88 96 36 42 29 6 19 26 49 22 70 37 62 20

12
29 63 61 29 42 50 44 40 14 50 15 43

25
95 21 86 52 84 5 67 69 95 16 4 69 18 18 57 52 69 47 75 56 68 43 22 66 96

34
65 80 60 51 79 13 39 28 76 41 43 96 50 97 78 79 83 37 9 59 0 3 89 58 34 13 22 86 72 82 78 36 63 37

21
22 45 9 28 83 86 63 4 52 88 12 16 6 14 83 59 26 11 21 56 98

43
66 1 4 59 89 81 38 9 12 1 72 23 2 85 1 84 47 20 17 35 19 40 81 97 75 72 47 22 55 47 90 20 48 94 79 36 76 18 45 86 17 16 9

49
2 8 3 47 29 18 80 46 58 63 45 33 34 90 53 89 38 44 10 86 37 87 23 12 5 68 98 22 82 6 42 84 15 43 30 42 61 12 88 19 73 34 52 8 26 6 95 62 48

24
81 31 32 47 57 30 63 18 34 54 26 57 5 65 67 20 65 79 14 95 88 19 91 38

22
23 6 53 29 18 88 91 81 55 70 3 18 5 76 66 82 60 98 10 31 4 67

15
63 46 58 44 16 12 32 70 42 47 90 86 52 1 76

28
24 75 8 17 17 22 85 3 88 34 55 29 88 63 32 25 75 93 16 77 59 98 76 93 20 27 37 92

15
53 11 21 67 93 88 31 85 33 74 77 61 23 32 76

17
62 92 14 81 64 13 47 68 64 39 5 55 86 25 13 88 85

35
25 46 5 26 35 70 48 32 24 44 33 67 5 96 24 95 40 5 64 59 28 8 39 60 79 30 69 10 84 56 93 8 2 96 35

47
59 7 5 80 30 95 65 15 61 2 7 11 15 25 25 15 30 73 43 80 72 40 6 68 97 38 58 15 32 72 85 91 78 88 70 7 84 34 23 45 36 28 56 50 51 79 63

16
74 87 45 21 75 98 92 5 19 59 75 44 79 1 5 21

12
58 7 48 18 97 0 73 98 18 73 89 9

42
35 72 17 79 6 55 27 69 32 14 41 85 80 6 72 84 13 85 73 90 31 56 7 38 27 23 31 58 52 94 3 85 65 19 65 69 74 93 39 7 8 79

13
39 19 27 11 9 49 71 78 73 25 65 25 94

18
45 89 68 30 47 28 82 29 61 37 7 58 32 46 12 20 45 20

18
86 45 71 49 81 22 59 95 43 16 59 83 56 79 19 40 83 58

55
58 8 37 9 48 21 76 79 74 88 63 83 81 61 93 52 65 90 42 86 72 1 79 46 58 69 57 87 48 10 19 7 19 55 16 65 76 91 43 50 78 8 34 60 67 28 11 31 18 51 18 88 53 98 35

31
61 80 53 42 87 43 85 85 60 14 56 34 23 29 9 14 65 34 0 70 30 57 31 61 42 97 78 35 15 63 35

48
27 71 63 31 40 26 82 67 19 0 56 97 46 20 39 17 34 74 35 81 18 82 44 24 7 57 61 85 47 16 42 72 85 6 2 26 31 84 91 48 82 49 46 29 67 85 44 1

21
11 75 93 95 40 25 54 69 67 45 61 41 97 6 83 21 61 34 82 51 23

45
1 17 78 67 74 28 36 20 84 39 14 46 96 56 5 69 35 90 68 24 7 70 1 97 83 19 15 89 34 21 84 35 37 61 4 12 90 38 30 75 77 42 21 73 98

19
3 91 46 89 77 75 51 38 46 32 74 16 42 49 17 65 34 75 11

23
32 51 40 8 8 49 33 50 74 23 17 52 39 17 43 2 95 76 18 62 26 47 35

24
70 36 26 59 14 1 14 97 48 2 21 12 8 72 78 26 76 35 56 36 83 54 81 75

45
88 23 33 38 95 13 92 42 40 19 27 89 18 67 11 67 72 70 30 55 60 6 75 71 53 67 51 32 49 66 91 36 87 25 72 84 36 66 27 76 83 52 64 2 20

37
52 97 14 46 48 42 10 96 24 2 2 68 18 56 18 20 88 86 91 67 36 74 57 50 12 90 60 13 44 63 23 94 59 35 39 6 76

13
48 87 81 23 57 23 16 86 81 43 40 70 34

13
62 63 82 3 90 35 38 35 74 7 92 29 40

23
13 52 93 12 82 43 12 61 36 14 80 4 55 72 21 45 32 17 21 47 57 43 31

60
47 45 83 53 26 93 25 44 39 4 54 80 13 90 91 51 64 76 20 55 49 71 83 32 55 27 97 78 17 94 37 64 38 22 16 64 14 40 7 51 42 61 32 55 50 24 7 14 2 28 67 49 97 51 81 53 77 77 30 94

14
73 97 16 86 33 88 5 25 11 81 35 88 2 74

17
80 42 76 54 74 91 70 34 17 51 52 16 40 91 58 10 96

32
47 26 50 79 42 39 45 71 17 16 92 62 33 3 80 60 2 34 32 32 64 18 88 29 8 51 77 47 32 61 58 77

41
79 94 26 64 55 35 14 63 60 28 64 30 96 25 39 0 28 65 91 67 9 50 61 25 40 24 96 41 73 54 1 54 48 28 19 2 61 32 65 22 58

52
4 94 29 77 10 22 1 91 0 96 15 17 14 72 71 47 62 49 89 90 40 81 15 1 53 37 73 39 3 6 36 7 0 63 84 8 86 83 0 86 80 16 3 93 86 72 41 47 23 29 38 61

35
95 0 2 39 95 89 2 57 92 95 28 0 24 20 55 60 38 55 59 85 26 14 83 58 14 32 30 78 63 21 97 58 19 0 97

22
80 9 88 69 68 75 96 74 21 97 28 56 86 35 2 50 65 14 78 79 56 6

63
22 21 48 69 91 8 82 61 28 54 40 9 90 79 15 26 47 51 46 68 33 2 36 30 45 87 92 2 20 53 11 42 72 59 12 64 66 92 25 92 46 65 3 37 43 16 61 88 67 9 55 0 9 90 30 54 78 23 54 0 74 66 40

13
28 85 77 51 24 42 0 74 80 57 20 61 64

34
62 64 9 40 72 84 93 61 44 4 60 20 72 56 21 35 5 35 73 85 34 96 69 64 93 0 78 93 86 60 10 47 26 17

12
98 30 55 44 54 51 41 41 40 38 94 86

31
29 0 72 16 49 52 38 83 51 35 58 42 66 94 92 45 73 42 85 11 56 0 80 20 90 85 30 33 3 74 77

57
77 2 0 5 36 15 77 40 42 11 43 7 3 41 31 50 60 72 14 81 67 19 46 61 36 16 24 95 30 66 61 6 68 62 9 3 75 84 41 18 96 85 25 0 25 56 48 83 27 62 66 94 79 13 54 17 27

57
38 52 44 37 0 83 80 61 80 55 3 95 77 71 9 85 61 11 68 40 64 45 48 41 88 8 77 49 83 38 82 22 88 27 57 86 9 36 48 89 91 49 83 68 22 93 54 81 5 23 23 69 68 69 12 56 77

20
85 26 61 70 35 20 7 95 56 20 52 56 69 16 45 41 28 20 19 79

44
53 87 82 66 95 65 16 26 16 50 11 40 10 81 74 30 88 70 84 9 21 41 77 35 84 19 63 5 36 42 53 89 30 36 56 24 1 72 48 17 21 59 55 31

46
75 38 52 4 18 77 86 57 53 36 73 27 50 50 8 53 44 79 22 83 66 93 13 68 79 76 37 88 11 45 94 87 81 48 89 98 24 76 56 75 14 28 3 62 76 12

17
55 80 79 6 1 31 73 43 33 51 55 94 37 36 62 91 6

33
40 43 98 45 17 21 29 97 42 43 47 8 89 49 26 32 87 81 33 17 41 79 44 32 54 51 58 53 18 83 10 59 25

49
71 92 10 69 72 67 1 72 87 46 82 88 11 83 29 86 51 48 56 58 63 69 73 38 42 15 55 22 60 66 10 30 59 19 0 32 86 0 3 74 44 85 61 55 70 89 40 22 38

16
68 51 58 71 2 87 60 37 48 13 91 74 0 46 39 55

51
77 29 22 3 34 95 84 87 25 98 53 3 74 64 94 2 63 60 5 72 15 54 3 16 74 29 3 98 60 33 98 36 60 21 37 94 17 22 81 42 21 33 44 93 97 39 93 60 0 0 31

16
65 23 53 22 45 79 17 3 73 22 15 60 15 98 0 82

37
90 9 77 50 37 93 66 21 96 74 60 75 28 7 70 51 63 57 35 10 7 0 93 52 1 97 19 96 26 45 95 16 54 73 64 89 65

42
49 42 13 10 7 73 72 15 57 30 88 91 93 3 69 98 72 8 87 49 67 30 53 94 91 76 68 30 54 2 47 4 42 60 12 49 33 84 65 90 13 52

21
81 24 42 32 96 2 65 15 46 9 68 50 64 57 47 44 43 23 31 85 84

24
37 36 27 38 70 77 24 16 29 16 0 69 72 98 37 34 3 72 3 76 47 29 85 85

15
74 9 52 50 93 59 80 30 92 12 34 80 21 77 32

52
94 56 18 39 22 37 14 27 40 57 71 19 89 71 28 15 43 10 46 21 3 72 66 73 28 14 19 51 56 48 70 49 6 89 86 28 25 1 54 64 58 24 81 46 93 11 59 38 21 7 57 22

13
0 46 18 68 55 73 17 25 19 71 50 13 0

40
42 98 4 5 38 60 54 73 69 71 51 76 7 47 48 41 72 46 85 88 15 41 61 32 65 80 5 14 93 5 89 34 2 91 37 41 53 89 15 23

22
32 65 49 72 44 54 75 30 66 28 30 45 59 90 53 76 44 94 93 40 73 20

39
88 33 26 11 89 60 63 40 0 19 42 97 85 75 19 91 58 70 77 8 87 7 84 80 51 53 69 74 69 33 35 56 66 61 67 57 20 30 95

26
4 80 36 42 12 28 86 33 92 48 9 95 5 22 32 38 63 40 0 22 35 79 55 34 90 90

15
17 21 82 15 14 42 0 35 4 65 62 44 70 33 96

17
88 50 87 16 1 63 79 89 29 23 62 83 64 44 24 61 72

28
5 95 82 83 75 38 18 97 48 82 30 52 10 14 9 66 27 40 39 88 75 60 77 28 29 78 98 41

29
4 44 2 85 8 96 93 93 92 0 72 41 95 72 98 64 55 38 17 83 62 0 42 49 95 53 34 69 97

16
34 2 51 36 85 59 31 80 51 22 80 24 64 74 94 61

12
57 93 75 35 52 84 39 28 2 0 54 9

35
98 37 16 50 20 97 8 30 3 70 92 29 95 8 40 19 82 5 81 4 93 15 84 57 5 81 7 4 63 11 14 63 47 28 14

42
28 26 78 15 88 31 52 52 38 54 30 22 75 10 50 82 50 18 51 85 72 82 54 83 61 34 1 25 20 73 38 48 0 16 63 88 47 15 39 83 69 70

45
6 91 30 58 5 35 21 93 7 44 27 94 13 10 64 8 45 12 42 88 57 68 74 4 42 58 76 39 56 65 51 60 57 81 19 61 17 40 55 22 83 80 17 96 89

43
95 23 81 72 65 89 80 94 51 90 30 70 86 66 44 27 8 89 52 31 40 10 86 79 79 67 13 26 31 49 43 26 70 23 98 36 13 77 31 63 68 60 34

15
89 29 27 95 41 74 68 93 36 95 17 76 60 33 82

60
8 10 83 94 19 17 74 17 65 16 84 48 79 47 68 7 78 33 46 29 28 0 75 1 29 94 71 68 59 29 24 65 37 6 58 56 23 33 72 86 47 55 35 25 3 3 33 81 36 77 11 62 75 87 63 6 80 35 72 38

12
59 78 39 2 77 97 40 18 65 0 57 92

12
65 28 58 85 3 97 63 46 58 46 95 40

43
45 69 83 10 96 57 34 52 37 74 66 76 25 53 56 22 49 83 88 76 40 74 79 38 38 24 94 83 18 35 12 64 4 93 74 1 51 8 51 86 80 18 63

16
52 97 41 68 35 1 88 68 11 26 48 3 63 61 2 8

20
66 38 22 68 29 29 52 15 21 12 80 10 90 66 68 1 55 28 90 60

26
6 44 6 58 46 21 41 6 65 39 47 35 67 80 56 26 85 46 0 77 40 67 20 34 10 96

19
98 14 31 86 27 66 36 66 26 74 78 32 18 64 10 19 0 72 0

12
45 55 53 10 82 17 93 41 78 56 56 50

17
13 7 80 70 42 16 50 69 21 82 91 21 21 22 4 79 43

19
8 84 86 88 73 19 69 59 97 67 74 44 76 84 28 13 3 37 36

29
56 55 16 15 33 6 47 15 28 86 70 49 10 20 27 0 57 41 34 24 40 40 37 18 68 69 89 89 79

20
17 91 6 86 55 62 44 48 55 54 30 0 44 24 70 18 81 53 33 9

28
52 40 69 51 7 29 44 65 23 84 86 54 67 40 7 20 69 78 14 58 81 73 13 92 95 13 31 17

16
31 46 69 8 93 26 95 11 76 59 27 63 62 18 18 50

51
52 10 50 50 90 25 23 51 88 21 4 37 23 54 3 52 25 88 77 35 41 74 32 31 83 28 45 23 30 22 60 82 32 9 33 21 32 55 71 21 74 75 58 95 31 62 49 54 49 27 89

45
27 56 66 40 98 50 55 24 67 51 61 65 64 7 9 73 23 34 49 33 87 69 61 44 58 35 59 62 60 14 30 85 70 96 26 67 45 82 92 14 32 54 79 96 61

52
16 74 3 37 85 44 91 55 63 23 67 98 34 42 33 31 11 71 3 54 66 79 2 98 34 45 35 87 52 87 98 67 61 0 5 45 45 96 1 7 20 68 7 54 10 40 83 21 10 87 75 76

28
77 78 18 56 83 58 31 37 92 20 63 72 25 74 24 32 92 23 25 53 25 47 59 56 19 79 24 86

15
53 39 22 10 19 87 84 8 92 90 14 0 11 73 58

51
13 20 1 98 88 28 67 23 76 30 32 91 66 58 79 37 30 31 64 29 20 2 12 9 7 50 49 23 22 4 9 34 24 10 33 14 38 98 35 14 29 65 6 93 24 83 31 52 14 95 80

55
35 61 89 34 48 77 7 57 72 36 51 51 54 84 14 60 79 96 61 26 98 90 52 34 78 46 15 80 23 19 69 58 78 59 90 27 35 95 82 8 31 32 58 83 17 72 44 94 67 4 22 64 94 74 96

13
98 24 80 65 12 42 34 53 61 39 82 9 64

12
76 46 58 78 45 28 50 98 81 25 59 16

45
23 71 84 15 34 66 24 39 71 66 41 9 0 11 20 89 2 70 16 92 40 96 14 30 7 57 79 15 94 22 92 16 92 78 31 27 43 53 66 13 19 6 22 19 16

31
14 3 95 66 73 38 82 3 2 92 89 2 9 65 93 47 58 92 95 89 25 88 34 12 38 45 15 68 69 23 57

30
36 16 77 76 49 82 32 64 74 11 48 6 19 75 78 91 37 44 13 46 71 58 98 85 80 88 42 69 92 53

16
46 77 31 20 72 21 53 10 5 87 63 79 71 74 4 23

55
19 92 96 54 25 2 44 15 13 81 17 13 65 82 92 56 57 14 37 30 54 54 84 27 82 75 12 56 11 83 30 28 74 27 80 0 27 25 16 38 5 31 52 71 14 43 26 69 57 64 0 10 19 82 35

15
1 88 5 20 53 67 37 33 9 17 5 11 81 60 98

15
58 56 14 4 12 57 89 73 32 97 27 94 87 35 45

12
57 47 61 65 22 18 66 85 64 76 69 18

23
26 2 23 24 15 71 86 55 13 10 45 40 75 81 39 60 86 77 60 84 36 3 24

23
87 20 54 19 90 23 96 22 11 60 61 70 81 82 6 0 0 28 74 34 3 2 20

15
97 8 23 47 0 70 17 79 54 19 96 78 12 93 72

21
45 1 26 21 78 26 15 93 22 65 72 90 44 82 44 67 24 63 58 60 75

13
6 33 83 57 94 96 38 7 74 77 17 31 24

18
51 67 88 81 43 80 22 50 68 98 88 27 63 44 76 42 92 72

30
43 9 27 8 25 73 94 75 63 68 85 71 78 96 20 73 61 48 55 39 29 36 60 44 5 7 0 97 46 5

27
18 48 88 89 46 23 1 69 84 3 96 66 79 79 47 93 94 7 53 47 57 32 6 53 33 98 49

46
33 53 66 49 12 58 70 3 28 96 8 27 30 21 38 7 50 4 35 79 27 92 42 17 52 25 67 19 56 11 41 88 64 9 36 75 65 6 76 92 3 84 20 33 7 58

12
16 90 83 9 63 27 79 11 43 11 10 26

39
94 19 91 66 51 74 57 20 28 67 83 82 10 27 70 8 90 47 55 56 17 85 36 18 74 33 18 66 49 42 51 44 61 41 11 14 16 69 32

53
42 82 65 58 8 9 0 3 61 30 45 67 17 3 59 41 78 22 96 71 53 3 8 32 51 6 55 11 16 93 39 58 76 3 17 84 12 15 85 73 45 31 41 60 32 98 3 10 19 97 81 70 98

18
59 45 95 1 28 97 33 87 43 3 22 89 5 63 52 36 4 30

30
0 94 25 92 72 72 69 48 48 44 54 0 51 38 58 15 17 97 28 5 8 86 82 28 5 21 13 82 12 26

20
49 19 40 22 11 92 59 7 95 37 17 9 50 46 22 91 34 70 80 30

29
70 84 48 68 4 51 55 86 90 24 81 49 95 68 89 42 3 85 17 43 67 24 91 15 18 85 81 58 4

40
48 82 4 30 82 9 94 42 83 43 41 86 84 18 71 27 32 87 60 10 90 1 54 48 62 55 40 76 26 78 79 74 59 81 3 42 89 96 83 71

47
56 76 89 53 55 6 15 53 91 12 6 34 69 65 50 48 34 39 21 26 82 75 57 98 47 19 2 73 47 27 59 4 4 47 56 58 51 71 12 43 81 16 75 52 79 25 98

12
91 78 56 79 76 82 78 4 2 22 49 79

30
20 56 61 19 17 22 85 95 22 73 90 29 86 80 75 48 56 3 51 62 16 98 27 93 85 61 15 78 17 50

58
73 64 49 75 16 18 72 41 44 88 31 2 44 87 97 22 43 48 38 68 50 37 41 6 95 54 85 10 61 86 67 35 52 15 9 66 31 82 8 73 69 40 75 14 26 72 36 67 21 75 36 69 13 76 74 7 31 58

12
43 92 19 51 67 3 88 58 90 41 12 60

28
76 60 51 39 77 97 95 43 3 29 79 4 30 69 95 21 27 25 12 94 73 81 48 48 57 24 91 8

34
58 69 1 62 45 97 6 33 85 91 23 11 63 78 82 62 82 43 88 90 54 52 18 23 72 58 55 86 73 90 32 32 59 31

20
89 76 14 11 40 48 93 67 57 54 92 73 23 82 39 64 39 35 70 54

28
51 1 93 36 30 80 21 66 59 65 26 23 29 95 82 89 14 76 30 6 71 55 44 25 41 88 87 45

55
55 94 71 88 28 31 67 93 28 66 37 30 75 29 57 5 13 25 70 37 72 73 72 16 34 2 45 82 69 88 63 23 84 33 12 11 64 79 5 91 47 43 22 21 72 78 27 85 4 95 21 76 69 93 90

22
40 24 50 64 50 5 82 56 93 63 18 11 14 93 5 42 40 19 71 91 15 44

24
39 18 38 54 42 7 64 17 73 37 34 23 13 55 95 20 28 93 0 35 40 50 71 14

50
44 60 72 24 76 15 79 52 93 24 69 29 46 7 45 24 67 3 73 84 39 22 66 1 74 16 40 84 40 75 73 82 34 45 7 12 60 84 62 53 8 30 82 54 37 26 76 3 29 50

56
46 51 95 93 32 65 34 75 40 69 33 15 54 15 87 79 63 48 46 63 23 75 98 22 84 48 92 96 11 30 9 55 81 3 49 12 66 81 87 7 52 19 22 5 33 8 84 94 56 29 58 77 3 55 97 88

18
78 93 36 68 56 3 54 51 85 90 17 59 27 74 75 81 40 57

21
3 94 23 10 51 75 98 10 98 46 58 68 17 48 40 0 35 53 68 66 26

39
82 42 69 44 81 77 12 91 20 1 5 75 74 62 67 32 54 94 20 92 92 43 71 34 85 79 81 32 24 65 34 5 8 4 47 89 81 59 79

32
56 22 6 27 24 85 94 79 92 47 97 38 37 15 98 22 62 38 89 79 21 32 27 17 60 7 95 16 13 40 0 69

14
36 46 67 0 60 69 21 58 10 19 2 12 26 64

22
48 57 39 67 27 26 13 24 59 83 24 51 84 58 8 80 27 57 24 78 68 10

43
10 84 65 74 81 14 62 88 46 11 18 83 75 25 1 84 71 72 84 53 7 0 79 15 90 86 18 13 82 47 52 90 33 18 64 13 33 27 3 77 37 19 60

21
46 52 30 41 84 29 12 48 96 47 68 24 36 94 26 22 63 1 16 88 85

12
14 24 58 26 54 89 51 69 27 15 77 72

48
36 2 26 77 44 26 48 67 75 5 48 37 29 82 29 20 85 74 41 81 72 28 51 38 65 63 18 17 5 92 6 42 92 30 18 37 54 64 5 28 67 54 66 97 35 95 16 21

13
46 30 18 86 70 26 9 63 3 42 11 35 16

20
93 34 98 56 64 43 78 85 42 24 67 18 42 20 38 60 8 54 69 7

35
12 35 61 15 47 60 70 27 67 67 66 39 74 39 9 65 7 34 76 40 13 45 36 2 34 37 73 30 84 58 98 96 92 60 12

26
29 20 62 85 49 94 73 97 61 71 91 89 97 31 86 93 0 18 72 87 79 72 42 79 10 25

37
39 1 9 44 80 5 30 84 76 5 25 24 79 40 97 36 48 24 78 18 55 93 80 21 77 23 96 26 19 66 51 56 65 59 1 45 64

15
93 60 78 31 93 54 35 93 44 43 2 89 39 93 38

18
19 2 4 8 20 38 32 60 11 11 55 87 41 34 1 89 90 28

46
75 23 59 23 6 80 16 45 2 32 98 33 91 14 11 82 48 2 65 72 53 5 41 83 72 38 87 8 19 24 90 93 48 49 17 52 30 34 98 30 64 95 63 54 10 74

59
73 68 54 29 78 79 36 38 76 60 56 39 16 36 38 41 61 88 69 3 1 13 34 1 69 43 81 54 51 17 20 23 83 73 53 63 53 87 0 31 48 55 68 62 89 5 3 51 94 72 52 95 84 85 94 52 29 75 8

12
27 69 20 58 13 41 61 54 41 24 1 95

16
62 66 68 73 6 50 3 94 49 60 74 92 23 60 20 80

50
66 61 33 67 24 98 64 92 15 31 75 32 69 65 97 37 39 3 59 53 66 19 18 90 95 7 26 96 8 68 46 74 30 79 42 52 77 6 46 92 37 20 24 5 85 20 42 24 24 2

45
64 79 1 34 75 55 60 97 54 71 35 74 45 68 7 67 45 12 19 80 81 95 26 71 59 76 39 23 34 7 78 97 84 77 32 58 31 90 57 86 62 90 61 7 57

41
8 42 73 56 22 61 35 37 60 98 26 40 45 81 60 49 31 40 81 95 72 40 76 66 71 61 38 62 91 76 56 97 17 30 54 40 91 88 75 50 87

40
60 64 19 72 48 51 14 0 56 18 40 31 89 76 60 7 58 47 71 13 94 27 47 26 52 24 92 42 0 93 59 60 56 78 31 5 28 45 3 84

29
44 14 52 19 75 59 75 21 29 86 14 57 32 40 8 57 34 48 55 26 8 16 82 84 48 87 11 91 91

37
60 34 11 91 19 83 93 68 0 70 12 94 44 28 77 67 40 67 79 88 5 78 48 65 73 3 13 82 38 5 45 98 39 56 88 59 41

46
37 95 10 77 33 47 6 37 83 6 75 12 43 85 74 84 8 94 77 74 2 85 25 63 26 36 83 50 75 97 55 13 91 66 90 25 12 94 63 95 1 39 6 42 23 78

27
32 72 2 7 74 86 30 39 13 67 21 63 43 17 18 55 9 84 44 35 94 40 96 88 39 34 94

12
29 47 45 95 75 93 73 43 51 43 51 3

56
8 54 89 93 30 81 84 80 5 44 54 81 82 27 58 0 10 69 1 23 25 48 32 57 89 14 33 82 39 59 76 45 12 66 39 42 47 22 21 52 66 73 33 47 1 89 45 12 57 47 33 83 95 64 41 85

22
18 26 52 92 74 60 86 75 55 16 5 97 54 5 38 56 34 0 85 24 13 3

12
25 35 10 32 33 25 60 29 67 71 53 28

54
71 53 98 84 13 74 8 37 51 4 64 39 21 51 22 82 59 2 6 55 94 75 33 60 2 79 2 58 97 22 35 70 73 32 55 87 7 61 25 57 66 89 94 85 39 17 66 97 19 71 51 13 47 82

43
66 80 83 44 29 67 85 49 75 77 97 97 70 34 45 35 73 1 14 57 60 82 32 9 52 87 81 1 42 57 31 8 36 15 50 64 82 36 14 56 14 11 52

29
75 6 13 75 85 16 27 49 2 88 5 49 38 37 41 46 40 72 78 91 97 23 69 75 17 19 36 19 46

24
97 20 43 9 96 29 26 22 76 26 11 81 75 48 18 15 94 56 88 71 48 86 95 18

19
51 80 63 21 96 34 73 18 42 22 80 11 82 10 49 33 48 55 82

35
16 33 67 19 22 5 9 27 11 55 48 42 27 17 73 49 49 13 17 51 64 93 8 82 21 7 21 83 34 33 10 48 67 77 67

52
28 85 85 52 25 97 92 50 38 15 85 5 60 77 43 26 20 30 62 24 77 60 98 87 13 0 37 77 11 27 95 39 11 79 91 37 77 85 85 16 1 69 19 59 47 63 84 66 93 45 90 71

45
90 43 26 2 69 71 54 71 13 67 80 64 3 24 65 35 95 52 50 77 60 9 73 95 63 10 35 1 8 61 92 96 5 19 0 72 90 52 44 3 20 24 65 21 46

13
7 65 80 91 25 55 71 10 64 53 2 41 21

38
86 4 46 30 15 35 76 40 93 34 89 21 95 10 67 53 88 72 17 68 62 42 22 35 50 84 86 50 24 8 19 11 10 63 40 26 98 17

49
21 20 67 30 8 68 30 83 67 71 85 78 48 0 25 0 67 46 10 41 70 51 54 3 33 65 85 59 85 48 7 5 67 75 35 75 42 63 59 8 35 43 85 84 42 11 82 10 57

46
84 14 7 28 90 44 28 74 16 2 78 94 24 73 49 45 62 25 33 26 68 79 47 54 96 68 22 80 2 65 77 86 79 82 15 71 27 44 44 43 44 23 36 66 95 83

48
51 89 88 92 68 28 28 53 10 20 37 86 87 12 94 62 68 76 33 74 31 73 95 50 81 76 92 64 40 43 79 89 34 68 81 3 95 10 55 4 30 92 90 16 4 84 77 72

31
44 14 8 25 11 49 69 25 96 82 48 13 84 18 38 65 87 29 37 54 39 37 58 82 9 73 90 86 83 63 34

23
53 59 1 42 13 39 42 24 15 86 4 63 86 11 42 67 26 95 27 29 22 82 38

21
67 67 91 65 27 94 40 39 3 90 16 39 28 83 1 55 62 38 14 46 43

19
29 9 74 66 98 62 18 29 45 39 56 77 62 50 86 55 14 87 13

14
62 52 93 79 41 72 67 23 90 64 25 20 1 81

25
32 70 90 93 45 87 22 16 65 87 92 45 35 59 70 91 59 12 8 39 18 96 25 58 86

42
91 80 76 46 1 95 15 16 53 44 50 48 89 65 38 15 2 78 47 52 27 67 4 4 58 43 50 3 61 70 89 53 49 64 97 50 61 12 66 13 56 18

15
8 22 89 84 91 38 46 32 78 96 35 18 80 70 53

13
17 93 20 54 32 53 80 94 89 49 94 26 14

18
97 95 51 3 94 34 21 1 98 63 85 66 97 4 86 2 81 12

18
26 44 57 64 28 78 7 1 18 48 69 44 6 66 12 34 8 2

18
38 71 25 61 10 88 88 17 92 5 96 52 82 44 1 26 98 6

63
14 23 45 54 18 96 20 42 6 8 84 34 54 81 45 74 67 75 14 47 35 47 33 46 7 79 82 90 90 74 7 3 97 50 56 17 47 74 59 52 82 44 86 36 25 30 11 92 6 23 39 40 70 72 84 77 52 68 66 42 43 71 45

16
26 16 80 95 86 65 73 40 34 39 82 76 11 26 19 32

18
49 3 10 80 40 3 41 72 60 8 28 46 87 35 72 2 50 16

12
97 86 10 39 24 17 85 8 84 7 12 47

28
52 30 2 89 54 22 5 12 19 23 67 21 4 11 72 42 18 38 66 97 69 23 96 89 19 88 55 21

22
60 41 61 1 41 65 74 48 80 56 95 81 79 6 42 88 8 85 97 47 5 6

12
73 5 84 60 27 59 4 27 9 87 1 80

52
13 25 72 24 69 52 77 38 96 17 37 24 57 54 65 25 18 28 83 34 59 51 82 7 28 10 5 16 17 7 32 29 30 5 53 97 58 29 37 53 46 74 77 2 27 41 28 43 67 12 77 25

43
0 6 41 31 28 38 88 71 55 38 47 2 69 33 79 28 48 23 95 22 91 15 74 82 38 23 40 2 46 93 38 44 97 77 75 27 15 64 96 70 1 44 70

38
42 51 52 9 65 32 94 74 75 57 75 90 3 49 64 13 70 87 68 94 86 83 23 12 47 31 33 70 26 87 65 68 38 17 77 4 49 72

38
60 26 31 40 56 66 69 13 11 23 9 47 10 93 77 35 4 13 81 30 67 54 10 96 70 35 11 36 85 31 22 46 57 51 84 14 18 53

14
89 74 3 20 84 55 57 86 20 32 54 89 95 68

42
84 37 81 5 32 41 66 15 69 41 61 36 40 75 15 30 39 40 43 44 2 7 16 12 60 23 33 73 85 10 84 68 47 66 71 77 8 38 92 76 78 54

29
19 28 26 49 65 66 90 8 66 97 24 79 56 47 11 30 31 21 13 0 66 80 69 44 86 8 35 63 86

22
13 5 58 32 10 62 6 94 55 65 90 75 18 15 19 86 56 9 13 81 64 64

12
70 88 28 81 79 93 95 92 96 62 7 97

25
41 33 13 57 77 23 92 44 25 6 38 57 66 82 47 23 16 1 40 77 93 97 73 2 27

13
48 39 30 80 69 31 64 96 5 64 32 32 73

17
30 15 67 95 97 78 38 18 77 93 87 96 54 28 24 81 25

44
87 59 84 8 82 7 64 17 52 79 46 65 39 14 6 19 53 46 6 46 6 80 31 65 23 26 6 94 91 8 19 77 67 4 86 50 11 51 66 62 29 11 28 66

28
58 18 60 82 4 32 39 51 27 19 3 15 91 65 25 39 92 36 73 70 58 60 13 41 74 66 50 55

13
9 12 40 23 59 72 21 21 54 46 66 25 98

23
48 44 9 61 61 22 51 23 92 54 6 61 81 25 85 55 32 63 34 57 78 12 73

31
32 67 92 0 39 58 49 21 17 57 50 12 23 51 82 40 63 83 26 43 60 92 38 97 30 36 79 44 8 33 35

60
91 78 32 3 9 82 56 10 76 95 75 2 54 68 50 58 64 6 67 47 13 5 89 69 30 38 83 87 56 6 1 46 83 33 49 92 15 4 1 89 98 75 92 53 44 43 12 9 47 77 56 59 82 47 27 12 83 11 0 41

29
95 15 44 36 7 36 26 83 0 89 16 21 86 88 61 71 77 23 5 45 98 45 76 36 66 0 35 48 35

30
61 22 92 93 4 16 38 71 26 25 22 2 96 31 62 34 23 47 54 43 58 58 34 46 30 61 46 65 56 64

24
93 13 62 66 15 33 26 56 65 63 54 62 87 26 9 30 25 27 85 75 46 18 41 75

19
28 69 86 36 19 94 96 20 63 94 56 8 15 96 42 22 6 25 37

43
83 11 98 7 82 90 24 71 81 41 12 4 3 24 69 15 87 6 19 68 77 98 1 43 30 97 46 93 89 75 61 73 86 61 80 69 52 4 41 32 45 52 36

17
20 60 21 74 68 27 51 25 93 83 25 92 18 35 31 6 70

55
42 5 35 16 55 16 27 97 65 69 96 84 73 92 23 51 80 20 88 30 30 86 98 92 5 78 94 62 71 19 73 12 24 9 28 78 25 54 74 88 22 71 72 96 63 95 46 44 14 36 72 44 23 71 37

19
82 91 36 22 26 70 43 33 85 62 70 49 69 49 64 42 30 28 75

30
68 7 73 38 23 3 63 5 33 25 98 58 66 81 8 58 48 5 30 53 54 36 78 2 40 73 7 42 22 63

55
88 68 36 27 89 37 89 94 70 15 91 27 79 73 33 37 22 38 65 73 92 2 51 92 41 25 97 83 45 59 43 35 28 77 62 18 15 50 12 83 64 4 9 44 76 42 81 96 78 46 69 69 48 21 62

63
10 55 58 62 34 3 51 49 42 37 18 89 57 88 10 84 38 6 62 26 63 24 80 56 28 84 33 78 74 20 15 83 75 71 44 9 74 95 56 15 31 74 5 87 63 13 72 0 19 33 27 81 58 8 38 84 90 69 63 64 89 78 48

22
20 76 48 44 72 43 70 89 85 20 94 89 76 56 13 31 86 8 81 63 36 10

28
7 22 30 88 77 92 95 9 62 95 47 73 85 77 84 5 61 80 19 72 36 32 17 52 71 25 87 12

54
7 23 8 50 43 77 15 35 86 10 44 46 75 78 92 54 84 68 79 67 91 85 16 42 63 24 24 73 88 88 88 93 12 94 44 54 72 57 89 58 68 32 3 44 11 95 96 93 65 75 61 55 61 77

56
67 24 11 7 78 22 44 44 38 76 60 72 54 94 13 79 49 85 12 29 40 9 39 2 78 0 20 95 72 5 77 40 29 86 46 6 8 90 51 46 67 10 17 20 5 28 1 52 15 13 81 53 22 20 53 98

40
54 31 76 6 36 29 46 94 1 93 20 26 98 20 46 50 59 56 38 66 6 40 97 87 16 45 85 67 89 74 52 42 4 27 49 38 56 93 33 55

47
53 12 94 14 16 35 15 62 42 78 35 28 21 45 43 72 12 20 46 20 28 81 62 83 78 22 61 61 8 3 4 61 13 0 75 27 33 90 89 73 67 24 1 88 69 44 60

33
1 12 4 8 27 96 83 74 76 67 84 33 55 6 90 69 47 18 9 66 88 89 68 37 84 73 76 3 65 23 88 64 33

37
70 42 83 58 47 64 87 29 85 89 65 41 87 32 60 32 22 36 41 92 85 89 83 88 75 24 87 10 37 27 7 6 67 90 65 15 55

57
69 49 71 60 31 40 9 94 49 3 25 72 34 25 16 81 18 60 26 96 75 39 96 34 49 12 41 45 70 84 1 39 33 73 0 62 12 7 57 61 11 82 35 43 6 49 24 25 10 50 22 84 89 17 19 39 28

15
68 70 91 77 5 58 17 57 64 45 50 38 0 95 75

43
0 31 83 11 65 57 15 17 32 39 83 83 85 48 17 16 44 45 4 81 32 85 32 61 33 39 42 44 40 26 4 38 55 88 48 20 46 63 37 78 3 19 60

23
49 69 74 54 13 24 60 17 1 83 16 88 78 91 82 44 91 76 93 47 14 38 86

17
55 58 47 35 27 96 48 15 94 53 52 98 65 56 13 98 59

28
7 93 57 58 57 52 47 11 42 37 31 50 77 71 32 21 41 76 21 89 83 42 15 4 29 48 39 2

39
73 30 76 54 14 71 55 21 82 25 92 22 8 49 37 58 19 9 79 66 16 24 9 73 91 98 81 95 98 88 5 70 19 79 25 33 51 78 55

21
58 88 94 31 5 59 3 24 65 46 31 53 17 53 19 60 15 97 1 51 75

16
12 65 37 46 14 15 43 86 3 63 98 72 78 84 76 72

27
56 51 59 17 83 36 97 28 97 18 30 4 81 53 39 56 36 49 5 68 31 14 42 69 52 38 6

22
37 4 67 1 30 2 90 38 51 50 23 6 21 92 84 58 51 4 94 28 0 5

27
37 14 13 47 25 49 54 87 27 66 67 92 1 88 96 60 49 56 86 32 42 48 86 38 50 48 46

27
43 61 59 93 20 43 48 63 39 10 4 86 72 69 24 45 72 73 16 21 41 17 66 37 25 7 61

46
69 56 8 50 85 12 20 51 73 53 70 36 35 39 74 56 9 42 64 98 32 45 31 6 94 74 68 13 36 33 16 6 89 22 56 76 32 76 26 6 29 94 41 64 35 16

25
28 88 39 77 63 30 85 32 25 88 87 74 64 63 58 21 61 5 35 82 19 10 43 98 75

13
24 47 4 17 49 92 84 73 53 93 70 60 62

12
10 48 82 56 92 45 55 34 59 70 90 31

21
77 66 0 12 46 4 35 44 31 15 61 38 84 19 1 38 88 19 25 72 44

15
23 60 78 88 27 20 12 36 1 80 36 85 30 62 37

25
61 57 10 42 32 72 73 11 85 29 31 21 47 93 82 2 10 93 7 71 9 60 55 63 84

14
75 55 43 36 27 43 7 10 80 2 0 6 78 42

57
83 80 27 51 95 85 98 54 74 82 59 12 16 27 56 92 9 71 51 89 16 34 20 86 5 75 38 6 90 2 79 75 80 7 27 76 93 26 29 68 9 89 78 23 15 35 14 25 6 63 13 22 98 31 7 2 6

33
28 85 94 41 36 58 60 23 30 28 33 66 3 14 36 98 17 46 80 38 25 82 91 51 81 83 25 73 41 7 50 69 91

12
86 67 45 1 71 8 95 9 24 19 97 54

17
1 60 53 40 89 12 54 87 47 79 10 94 88 64 27 45 0

13
21 26 42 42 45 45 53 74 90 0 34 51 36

21
41 1 81 14 29 81 3 23 77 64 10 91 96 21 21 71 41 33 21 25 38

63
33 27 17 10 33 82 53 62 0 48 90 43 0 7 48 86 51 81 13 15 42 5 50 91 75 82 86 45 37 15 11 68 41 26 76 74 9 31 35 7 77 24 48 77 31 96 63 80 76 76 95 19 81 44 9 57 28 96 1 63 12 10 30

16
57 67 45 74 72 0 98 54 20 28 70 0 73 61 74 55

15
97 6 32 78 13 93 35 57 69 37 32 78 83 49 96

58
95 16 21 92 94 88 61 16 30 89 81 23 12 8 15 42 47 29 70 72 5 84 74 85 70 75 48 11 36 21 96 31 36 17 24 31 6 85 48 34 73 30 56 84 36 71 27 82 2 98 55 7 83 31 90 53 7 39

12
52 12 85 96 86 50 38 10 42 64 39 74

30
40 71 66 72 52 60 75 58 73 92 86 32 54 5 57 60 47 18 24 60 34 98 64 70 63 62 18 56 18 35

36
77 76 29 4 22 72 43 67 12 84 45 0 31 14 96 29 85 29 40 0 90 25 23 46 50 72 53 30 82 10 19 60 86 48 62 9

13
14 57 48 5 44 80 45 52 10 11 83 9 10

31
87 13 57 53 62 2 70 70 32 6 53 56 26 67 48 7 33 58 50 96 9 92 29 89 36 9 64 42 90 19 32

18
66 72 62 78 33 73 32 71 37 53 88 33 2 66 33 54 36 83

38
45 14 0 41 36 82 78 20 12 81 16 25 97 52 15 41 89 89 38 82 3 23 78 4 81 21 17 16 98 81 26 44 93 24 86 30 7 63

30
42 65 25 58 88 50 52 52 53 95 32 80 88 80 61 73 5 22 21 96 52 15 85 5 71 60 33 68 65 28

55
69 80 69 66 19 49 71 7 2 89 8 56 51 21 15 44 88 40 12 30 17 50 10 53 75 68 51 44 93 78 71 63 57 41 28 77 88 98 82 88 86 90 44 38 13 59 83 2 97 93 30 14 44 39 65

34
40 93 69 40 56 82 78 76 25 61 2 32 66 37 0 8 84 54 60 23 79 35 86 61 6 84 54 21 72 89 0 13 81 67

28
78 38 45 90 43 25 96 0 86 87 82 34 41 82 47 56 50 28 7 31 72 14 91 17 54 46 43 45

31
51 36 41 62 12 96 62 75 64 49 71 28 44 72 23 71 5 95 62 70 92 80 79 72 11 81 51 49 39 6 25

45
72 33 51 52 85 79 11 28 49 23 31 93 36 57 33 76 45 88 51 80 39 8 54 82 82 0 82 64 5 72 51 77 4 1 29 89 81 38 17 29 59 46 23 96 4

18
71 47 45 21 26 82 28 78 64 11 79 47 75 82 18 25 61 22

38
27 50 7 22 30 87 78 61 51 56 41 49 84 12 40 36 45 36 36 56 61 44 12 67 75 14 80 8 98 52 16 24 3 24 47 31 10 26

31
63 20 58 89 73 67 16 71 86 89 50 42 29 53 24 68 13 82 15 11 43 29 82 21 81 94 43 82 95 7 78

16
25 35 50 98 3 65 70 88 53 20 31 82 73 53 49 85

27
22 27 19 49 14 66 13 30 92 59 44 60 19 80 27 67 24 29 53 58 94 39 15 33 46 23 59

16
45 67 24 75 67 90 61 5 38 61 98 52 74 61 37 9

17
94 13 51 4 40 36 46 42 17 35 86 58 50 42 60 88 88

27
96 28 2 26 31 12 32 53 42 71 29 27 26 14 25 41 79 4 98 50 96 93 68 16 41 96 19

33
73 14 85 45 49 49 65 48 4 37 78 58 3 32 66 69 27 50 27 7 29 72 28 81 38 54 18 8 73 51 37 45 65

23
6 28 7 11 77 60 39 43 51 1 53 85 76 50 18 90 31 81 52 59 52 39 72

14
57 20 24 46 37 32 78 26 33 91 97 22 88 35

18
65 75 36 70 67 69 24 78 27 41 22 11 68 4 47 84 80 32

16
42 50 46 3 42 66 45 60 27 74 17 82 22 34 29 49

20
73 25 61 24 79 66 81 27 20 45 70 59 53 64 42 60 96 90 14 91

52
86 24 16 28 76 45 82 22 42 78 67 66 63 60 10 36 61 44 4 43 96 28 30 45 70 3 18 52 7 85 29 91 8 45 18 85 89 2 6 30 78 73 97 42 32 6 78 91 48 81 36 44

24
24 40 17 56 78 36 71 22 13 7 70 23 92 74 79 61 54 23 75 75 50 63 31 42

36
38 71 11 31 76 96 38 74 11 36 4 86 54 56 82 60 41 80 23 62 3 6 62 76 89 58 5 60 71 65 9 11 36 20 42 13

53
13 18 81 26 45 43 27 1 41 64 47 85 79 93 72 62 42 82 88 76 49 63 11 50 81 94 48 70 90 61 95 2 79 77 29 25 19 54 27 61 19 72 45 0 64 18 60 8 0 49 82 49 14

54
28 66 64 12 47 29 77 17 61 39 57 58 54 52 43 61 26 90 8 65 96 53 18 37 55 36 34 94 16 18 64 45 82 27 55 31 57 33 46 17 72 4 75 25 54 18 84 79 9 93 45 4 47 61

45
49 88 40 63 69 57 53 84 11 41 60 97 4 24 86 72 1 53 79 56 83 25 5 76 50 6 26 0 27 11 60 74 0 1 38 67 56 90 50 65 32 10 63 34 34

18
85 94 54 83 79 90 27 14 43 46 17 55 1 10 27 87 54 16

55
33 38 7 13 6 19 2 20 55 92 82 15 87 48 44 84 52 34 78 41 35 89 49 50 2 10 81 44 89 11 73 21 50 78 32 56 97 35 74 51 28 58 64 14 7 9 98 57 42 76 98 75 66 47 24

31
49 82 34 87 24 66 96 48 16 87 54 52 52 78 44 86 81 29 68 74 66 49 31 23 66 3 89 43 71 91 28

30
88 39 72 21 15 83 50 45 55 56 67 22 93 48 54 43 33 77 40 32 71 89 16 55 22 3 18 87 46 90

25
50 46 28 89 73 89 17 70 42 78 61 21 68 38 37 42 59 87 11 13 11 22 43 53 27

15
51 94 24 64 48 92 14 74 92 11 13 29 84 85 50

39
61 22 80 68 67 79 58 69 56 83 83 12 63 55 20 7 85 76 76 86 10 87 7 63 13 95 81 24 43 93 32 3 14 13 70 82 91 29 50

22
23 30 63 23 51 40 53 37 53 5 51 65 0 87 98 29 72 92 71 59 71 49

61
17 55 66 32 61 89 85 52 15 88 41 97 46 83 93 9 13 63 11 53 76 90 25 77 37 75 68 56 51 78 20 67 32 84 0 93 75 83 44 88 73 83 86 18 67 79 27 81 41 36 33 17 27 59 94 64 35 63 21 84 40

45
8 7 96 50 92 75 75 37 75 63 81 92 53 49 20 45 31 84 22 32 67 94 56 1 98 70 91 90 76 86 87 82 91 82 32 84 59 8 21 33 69 3 24 22 52

58
82 8 37 51 93 49 26 77 98 43 86 2 45 22 98 66 76 72 21 95 45 19 92 41 52 69 94 90 64 44 44 47 50 81 98 45 31 23 21 28 66 6 30 10 28 27 75 6 0 96 2 45 14 94 85 65 62 80

25
77 17 25 0 18 30 20 51 50 36 53 52 54 94 54 69 70 91 47 2 43 78 12 54 78

39
35 29 40 29 89 43 91 23 38 2 58 76 89 2 65 57 7 59 88 20 85 14 19 61 57 7 4 49 0 61 39 35 88 77 63 78 21 55 2

12
90 10 62 1 68 40 27 7 52 14 89 32

42
9 66 43 85 4 4 36 21 80 82 55 54 27 39 3 87 27 72 46 53 30 26 79 78 42 80 8 96 47 80 38 54 45 82 40 47 86 76 68 65 59 23

14
31 0 58 21 53 47 23 39 8 78 38 23 3 96

35
92 46 17 97 81 56 7 37 37 67 13 54 30 64 49 29 64 81 0 51 17 5 82 64 94 26 44 35 95 38 74 86 84 90 84

17
34 57 92 44 16 22 47 53 85 7 77 79 63 72 86 72 46

27
5 82 19 12 2 81 19 85 14 37 3 1 65 74 61 48 58 18 77 61 17 77 16 37 80 31 0

26
77 43 93 51 7 43 44 85 44 4 72 17 65 86 0 76 5 40 36 35 93 71 17 83 80 59

34
66 52 11 86 74 28 58 21 78 19 62 11 64 82 21 75 53 49 52 43 11 74 58 83 82 9 80 62 91 69 27 59 20 38

37
98 92 88 36 57 58 45 86 60 48 68 10 13 3 91 52 58 50 28 37 50 12 73 70 14 12 91 23 59 17 31 56 11 18 93 66 76

40
52 37 86 21 46 0 22 38 52 78 86 78 16 37 88 89 8 3 1 97 25 60 14 54 17 25 72 11 89 48 49 42 83 36 61 30 34 83 66 86

19
69 31 35 88 96 5 89 25 61 55 7 79 96 76 51 5 40 78 78

53
79 18 60 81 28 33 28 23 66 83 87 20 75 16 34 21 72 31 9 4 48 59 47 3 22 24 9 8 65 70 49 45 87 10 26 16 43 52 37 8 36 24 28 11 38 63 30 11 92 39 13 41 98

43
60 73 91 34 63 44 77 73 0 30 93 8 52 67 34 60 42 51 90 48 43 61 4 46 20 39 15 36 21 83 0 79 55 89 13 19 33 90 93 33 21 85 39

13
24 20 26 11 0 77 94 4 2 0 86 97 92

35
72 26 43 57 50 89 73 1 23 6 82 4 86 51 93 49 39 28 31 0 15 92 45 1 26 38 13 23 87 51 44 58 76 87 16

37
43 77 30 72 71 77 81 39 57 41 17 93 5 34 32 8 32 30 34 43 15 8 41 58 75 82 47 83 49 13 73 92 90 4 63 62 79

21
86 26 72 9 55 47 8 90 84 31 5 12 45 86 84 82 75 22 97 93 25

12
56 31 78 49 74 27 67 7 28 8 16 3

22
96 45 74 77 31 64 55 57 48 67 16 90 87 79 37 73 23 38 82 61 32 66

50
60 25 47 80 53 53 68 20 33 73 24 7 26 31 91 70 94 41 36 9 4 31 64 38 61 45 7 17 21 63 91 80 87 37 61 39 90 28 60 23 0 82 30 24 12 20 94 7 62 31

26
93 94 91 98 98 68 48 80 83 72 76 56 89 12 68 15 98 94 49 1 59 90 46 15 77 20

60
83 68 1 51 92 53 71 1 71 71 19 30 32 12 47 23 88 45 30 2 83 72 92 45 95 40 86 3 94 2 35 78 68 34 29 59 87 98 60 59 70 80 89 3 92 36 24 79 79 52 81 63 24 74 9 20 13 96 21 6

26
30 91 97 87 86 17 19 16 55 65 86 79 51 88 94 2 4 7 49 83 77 93 82 91 39 20

14
72 95 81 49 68 22 86 78 28 59 12 20 25 33

44
50 3 83 82 29 15 25 74 94 5 49 93 96 47 16 17 58 0 4 3 63 9 74 92 88 42 92 96 46 55 98 94 59 80 77 86 93 1 60 87 4 10 81 2

34
9 72 17 22 73 44 38 74 55 52 8 57 82 39 68 22 6 77 13 86 93 39 44 54 73 40 13 27 63 44 95 71 17 11

12
33 46 59 64 23 10 58 49 11 6 12 37

14
6 48 33 9 31 31 33 35 27 11 57 45 79 17

22
3 76 24 62 97 38 36 36 65 88 56 57 23 2 8 44 1 94 22 76 10 94

57
78 92 73 62 1 9 86 78 65 48 58 66 92 81 45 47 82 42 19 97 34 40 60 15 20 92 68 57 38 90 10 15 81 81 77 80 88 62 60 52 10 17 20 1 98 65 46 79 8 65 77 40 7 37 55 25 30

21
72 63 49 21 14 19 31 13 20 33 17 35 77 69 9 48 44 46 43 48 90

12
8 78 47 36 46 9 43 39 55 89 32 34

16
58 40 42 87 92 29 63 28 75 97 94 69 10 59 62 39

29
20 37 60 62 21 81 67 70 71 27 65 71 34 48 2 95 4 95 54 69 83 47 27 48 3 42 87 87 60

14
18 14 18 28 38 0 26 20 51 86 60 63 51 59

40
21 50 54 18 11 28 12 65 76 90 10 73 89 96 47 21 69 13 25 47 42 92 56 58 86 50 15 67 40 30 62 59 80 15 77 89 43 89 55 20

48
10 59 54 12 86 36 9 85 77 45 76 48 34 81 93 17 93 68 50 2 23 50 69 97 44 59 50 15 88 62 50 97 20 5 10 8 39 17 93 17 62 68 65 95 51 57 11 43

21
12 17 68 74 55 84 96 61 78 47 4 6 25 20 84 79 75 11 38 9 2

14
24 89 7 94 74 98 71 10 73 64 2 66 24 4

36
75 77 50 42 61 65 66 63 41 2 70 72 85 92 52 75 73 84 61 20 35 62 90 94 97 78 97 83 16 42 23 89 18 72 33 77

39
63 4 31 77 34 37 69 85 4 5 63 89 39 96 34 14 17 55 26 77 34 56 80 31 48 93 63 43 32 39 88 95 44 18 73 76 55 42 60

20
90 26 54 66 94 96 21 9 33 71 1 18 74 70 16 84 22 58 98 39

36
46 68 50 27 34 89 98 30 54 51 40 83 23 79 7 74 72 34 73 47 5 94 30 22 18 16 51 46 97 91 90 44 60 39 69 93

25
76 70 75 61 37 87 9 9 25 51 29 19 60 11 95 42 34 97 78 90 36 22 19 53 90

17
77 22 71 96 46 69 9 60 21 41 37 61 13 1 5 67 18

56
26 55 45 56 86 4 46 11 72 93 22 13 25 43 32 92 92 28 50 70 91 1 18 65 18 63 55 74 48 56 33 75 10 76 30 94 80 76 5 51 68 25 62 94 67 94 85 60 24 36 32 14 35 48 79 53

21
94 4 77 14 86 37 70 61 37 81 73 87 39 49 98 9 57 92 83 17 11

50
59 10 42 43 67 0 1 93 26 84 92 77 44 11 58 21 20 56 51 69 34 64 76 76 95 92 59 76 45 71 64 5 79 7 46 45 5 45 38 30 31 31 8 73 42 65 94 62 22 46

32
86 60 93 28 40 2 21 84 73 98 67 73 97 55 34 6 83 97 93 97 26 52 50 0 49 83 52 63 87 67 0 72

29
86 11 18 63 65 24 94 50 39 38 1 67 9 29 37 90 23 23 13 14 15 38 86 54 15 77 28 86 25

34
91 21 3 67 58 9 85 51 3 78 64 81 98 94 14 67 91 56 66 95 24 45 65 97 34 29 94 8 3 54 61 92 76 64

61
64 21 37 33 43 15 57 28 88 5 24 11 47 54 50 47 66 38 18 14 80 21 20 36 98 56 59 13 79 1 69 42 22 7 75 63 20 33 92 10 36 17 19 83 69 67 29 34 6 48 48 86 67 67 22 66 24 79 77 4 80

60
76 65 34 59 60 56 36 7 44 27 64 41 12 6 11 79 80 67 54 77 42 48 62 83 67 27 55 75 15 40 83 91 6 18 51 66 72 86 74 17 14 39 56 24 45 67 4 25 35 56 1 75 4 63 57 71 88 13 46 4

39
50 92 69 12 22 63 77 38 59 52 71 36 93 66 10 57 21 81 66 67 35 17 24 39 21 35 75 93 86 31 13 37 22 80 47 44 44 25 80

42
32 79 69 31 79 38 8 88 49 59 82 20 18 38 3 51 90 2 66 92 68 23 57 35 50 21 38 60 36 77 30 68 55 97 98 35 34 5 24 83 64 6

24
73 7 83 85 31 23 0 93 46 49 10 55 12 44 30 27 76 61 78 38 61 2 88 32

19
25 65 13 51 94 62 53 45 92 72 86 82 83 17 12 68 46 85 13

42
25 76 18 82 6 48 80 59 37 19 89 89 13 94 8 34 12 89 39 89 40 58 19 58 22 27 39 45 0 97 51 26 72 70 7 76 17 87 34 52 5 24

61
11 57 25 15 29 69 18 84 50 49 46 86 18 51 61 57 11 65 9 45 49 59 4 68 72 72 16 91 66 2 43 75 57 68 90 87 37 7 70 87 56 17 72 75 68 35 33 77 98 40 24 46 97 28 14 71 98 30 61 65 30

15
36 92 60 12 33 79 68 79 72 52 77 52 77 68 28

36
26 4 21 77 13 55 38 48 64 4 47 80 83 34 13 21 37 93 93 77 88 91 14 14 97 91 72 39 71 39 3 97 41 23 75 53

22
45 83 29 86 91 55 50 8 44 82 83 68 25 28 2 52 56 97 68 85 48 91

52
80 60 10 44 33 66 48 70 15 9 94 35 16 81 70 23 88 79 16 96 53 76 19 13 45 31 95 52 52 24 42 31 84 52 73 16 18 22 86 33 30 79 68 46 59 38 67 49 18 81 46 69

40
8 39 91 40 52 69 51 11 18 37 24 26 10 4 49 19 87 62 90 66 45 15 60 35 20 53 35 55 85 68 9 93 9 1 33 61 68 82 73 87

12
27 72 62 71 6 95 54 16 30 3 31 97

45
9 44 89 60 60 7 69 27 21 65 46 92 76 30 88 47 86 51 90 18 61 16 29 62 1 51 57 92 48 12 63 58 57 51 19 16 58 87 43 80 53 87 71 30 18

31
37 98 78 20 11 8 60 28 96 34 69 27 91 50 94 80 23 76 93 43 5 20 68 5 21 48 43 44 73 48 90

32
49 57 42 18 14 89 70 30 4 78 58 45 93 81 76 70 92 22 34 3 67 58 97 81 46 55 91 72 69 64 79 20

16
32 6 23 71 64 92 91 85 98 26 50 1 73 30 66 72

12
86 42 5 39 36 6 76 5 26 9 91 11

47
65 76 83 53 83 3 3 15 1 68 88 48 38 96 55 39 66 15 26 19 24 68 17 21 9 94 15 43 95 64 1 60 39 84 12 22 85 15 35 86 83 24 35 21 21 91 58

0
